1000
992
984
976
968
960
952
945
937
929
921
913
905
898
890
882
874
866
858
850
843
835
827
819
811
803
796
788
780
772
764
756
749
741
733
725
717
709
701
694
686
678
670
662
654
647
639
631
623
615
607
600
592
584
576
568
560
552
545
537
529
521
513
505
498
490
482
474
466
458
450
443
435
427
419
411
403
396
388
380
372
364
356
349
341
333
325
317
309
301
294
286
278
270
262
254
247
239
231
223
215
207
200
192
184
176
168
160
152
145
137
129
121
113
105
98
90
82
74
66
58
50
43
35
27
19
11
3
-3
-11
-19
-27
-35
-43
-50
-58
-66
-74
-82
-90
-98
-105
-113
-121
-129
-137
-145
-152
-160
-168
-176
-184
-192
-200
-207
-215
-223
-231
-239
-247
-254
-262
-270
-278
-286
-294
-301
-309
-317
-325
-333
-341
-349
-356
-364
-372
-380
-388
-396
-403
-411
-419
-427
-435
-443
-450
-458
-466
-474
-482
-490
-498
-505
-513
-521
-529
-537
-545
-552
-560
-568
-576
-584
-592
-600
-607
-615
-623
-631
-639
-647
-654
-662
-670
-678
-686
-694
-701
-709
-717
-725
-733
-741
-749
-756
-764
-772
-780
-788
-796
-803
-811
-819
-827
-835
-843
-850
-858
-866
-874
-882
-890
-898
-905
-913
-921
-929
-937
-945
-952
-960
-968
-976
-984
-992
-1000
