1000
984
968
952
937
921
905
889
874
858
842
826
811
795
779
763
748
732
716
700
685
669
653
637
622
606
590
574
559
543
527
511
496
480
464
448
433
417
401
385
370
354
338
322
307
291
275
259
244
228
212
196
181
165
149
133
118
102
86
70
55
39
23
7
-7
-23
-39
-55
-70
-86
-102
-118
-133
-149
-165
-181
-196
-212
-228
-244
-259
-275
-291
-307
-322
-338
-354
-370
-385
-401
-417
-433
-448
-464
-480
-496
-511
-527
-543
-559
-574
-590
-606
-622
-637
-653
-669
-685
-700
-716
-732
-748
-763
-779
-795
-811
-826
-842
-858
-874
-889
-905
-921
-937
-952
-968
-984
-1000
