-1000
-996
-992
-988
-984
-980
-976
-972
-968
-964
-960
-956
-953
-949
-945
-941
-937
-933
-929
-925
-921
-917
-913
-909
-906
-902
-898
-894
-890
-886
-882
-878
-874
-870
-866
-863
-859
-855
-851
-847
-843
-839
-835
-831
-827
-823
-819
-816
-812
-808
-804
-800
-796
-792
-788
-784
-780
-776
-772
-769
-765
-761
-757
-753
-749
-745
-741
-737
-733
-729
-726
-722
-718
-714
-710
-706
-702
-698
-694
-690
-686
-682
-679
-675
-671
-667
-663
-659
-655
-651
-647
-643
-639
-636
-632
-628
-624
-620
-616
-612
-608
-604
-600
-596
-592
-589
-585
-581
-577
-573
-569
-565
-561
-557
-553
-549
-545
-542
-538
-534
-530
-526
-522
-518
-514
-510
-506
-502
-499
-495
-491
-487
-483
-479
-475
-471
-467
-463
-459
-455
-452
-448
-444
-440
-436
-432
-428
-424
-420
-416
-412
-409
-405
-401
-397
-393
-389
-385
-381
-377
-373
-369
-365
-362
-358
-354
-350
-346
-342
-338
-334
-330
-326
-322
-318
-315
-311
-307
-303
-299
-295
-291
-287
-283
-279
-275
-272
-268
-264
-260
-256
-252
-248
-244
-240
-236
-232
-228
-225
-221
-217
-213
-209
-205
-201
-197
-193
-189
-185
-181
-178
-174
-170
-166
-162
-158
-154
-150
-146
-142
-138
-135
-131
-127
-123
-119
-115
-111
-107
-103
-99
-95
-91
-88
-84
-80
-76
-72
-68
-64
-60
-56
-52
-48
-45
-41
-37
-33
-29
-25
-21
-17
-13
-9
-5
-1
1
5
9
13
17
21
25
29
33
37
41
45
48
52
56
60
64
68
72
76
80
84
88
91
95
99
103
107
111
115
119
123
127
131
135
138
142
146
150
154
158
162
166
170
174
178
181
185
189
193
197
201
205
209
213
217
221
225
228
232
236
240
244
248
252
256
260
264
268
272
275
279
283
287
291
295
299
303
307
311
315
318
322
326
330
334
338
342
346
350
354
358
362
365
369
373
377
381
385
389
393
397
401
405
409
412
416
420
424
428
432
436
440
444
448
452
455
459
463
467
471
475
479
483
487
491
495
499
502
506
510
514
518
522
526
530
534
538
542
545
549
553
557
561
565
569
573
577
581
585
589
592
596
600
604
608
612
616
620
624
628
632
636
639
643
647
651
655
659
663
667
671
675
679
682
686
690
694
698
702
706
710
714
718
722
726
729
733
737
741
745
749
753
757
761
765
769
772
776
780
784
788
792
796
800
804
808
812
816
819
823
827
831
835
839
843
847
851
855
859
863
866
870
874
878
882
886
890
894
898
902
906
909
913
917
921
925
929
933
937
941
945
949
953
956
960
964
968
972
976
980
984
988
992
996
1000
