-1000
-998
-996
-994
-992
-990
-988
-986
-984
-982
-980
-978
-976
-974
-972
-970
-968
-966
-964
-962
-960
-958
-956
-955
-953
-951
-949
-947
-945
-943
-941
-939
-937
-935
-933
-931
-929
-927
-925
-923
-921
-919
-917
-915
-913
-912
-910
-908
-906
-904
-902
-900
-898
-896
-894
-892
-890
-888
-886
-884
-882
-880
-878
-876
-874
-872
-870
-869
-867
-865
-863
-861
-859
-857
-855
-853
-851
-849
-847
-845
-843
-841
-839
-837
-835
-833
-831
-829
-827
-826
-824
-822
-820
-818
-816
-814
-812
-810
-808
-806
-804
-802
-800
-798
-796
-794
-792
-790
-788
-786
-784
-782
-781
-779
-777
-775
-773
-771
-769
-767
-765
-763
-761
-759
-757
-755
-753
-751
-749
-747
-745
-743
-741
-739
-738
-736
-734
-732
-730
-728
-726
-724
-722
-720
-718
-716
-714
-712
-710
-708
-706
-704
-702
-700
-698
-696
-695
-693
-691
-689
-687
-685
-683
-681
-679
-677
-675
-673
-671
-669
-667
-665
-663
-661
-659
-657
-655
-653
-652
-650
-648
-646
-644
-642
-640
-638
-636
-634
-632
-630
-628
-626
-624
-622
-620
-618
-616
-614
-612
-610
-608
-607
-605
-603
-601
-599
-597
-595
-593
-591
-589
-587
-585
-583
-581
-579
-577
-575
-573
-571
-569
-567
-565
-564
-562
-560
-558
-556
-554
-552
-550
-548
-546
-544
-542
-540
-538
-536
-534
-532
-530
-528
-526
-524
-522
-521
-519
-517
-515
-513
-511
-509
-507
-505
-503
-501
-499
-497
-495
-493
-491
-489
-487
-485
-483
-481
-479
-478
-476
-474
-472
-470
-468
-466
-464
-462
-460
-458
-456
-454
-452
-450
-448
-446
-444
-442
-440
-438
-436
-434
-433
-431
-429
-427
-425
-423
-421
-419
-417
-415
-413
-411
-409
-407
-405
-403
-401
-399
-397
-395
-393
-391
-390
-388
-386
-384
-382
-380
-378
-376
-374
-372
-370
-368
-366
-364
-362
-360
-358
-356
-354
-352
-350
-348
-347
-345
-343
-341
-339
-337
-335
-333
-331
-329
-327
-325
-323
-321
-319
-317
-315
-313
-311
-309
-307
-305
-304
-302
-300
-298
-296
-294
-292
-290
-288
-286
-284
-282
-280
-278
-276
-274
-272
-270
-268
-266
-264
-262
-260
-259
-257
-255
-253
-251
-249
-247
-245
-243
-241
-239
-237
-235
-233
-231
-229
-227
-225
-223
-221
-219
-217
-216
-214
-212
-210
-208
-206
-204
-202
-200
-198
-196
-194
-192
-190
-188
-186
-184
-182
-180
-178
-176
-174
-173
-171
-169
-167
-165
-163
-161
-159
-157
-155
-153
-151
-149
-147
-145
-143
-141
-139
-137
-135
-133
-131
-130
-128
-126
-124
-122
-120
-118
-116
-114
-112
-110
-108
-106
-104
-102
-100
-98
-96
-94
-92
-90
-88
-86
-85
-83
-81
-79
-77
-75
-73
-71
-69
-67
-65
-63
-61
-59
-57
-55
-53
-51
-49
-47
-45
-43
-42
-40
-38
-36
-34
-32
-30
-28
-26
-24
-22
-20
-18
-16
-14
-12
-10
-8
-6
-4
-2
0
0
2
4
6
8
10
12
14
16
18
20
22
24
26
28
30
32
34
36
38
40
42
43
45
47
49
51
53
55
57
59
61
63
65
67
69
71
73
75
77
79
81
83
85
86
88
90
92
94
96
98
100
102
104
106
108
110
112
114
116
118
120
122
124
126
128
130
131
133
135
137
139
141
143
145
147
149
151
153
155
157
159
161
163
165
167
169
171
173
174
176
178
180
182
184
186
188
190
192
194
196
198
200
202
204
206
208
210
212
214
216
217
219
221
223
225
227
229
231
233
235
237
239
241
243
245
247
249
251
253
255
257
259
260
262
264
266
268
270
272
274
276
278
280
282
284
286
288
290
292
294
296
298
300
302
304
305
307
309
311
313
315
317
319
321
323
325
327
329
331
333
335
337
339
341
343
345
347
348
350
352
354
356
358
360
362
364
366
368
370
372
374
376
378
380
382
384
386
388
390
391
393
395
397
399
401
403
405
407
409
411
413
415
417
419
421
423
425
427
429
431
433
434
436
438
440
442
444
446
448
450
452
454
456
458
460
462
464
466
468
470
472
474
476
478
479
481
483
485
487
489
491
493
495
497
499
501
503
505
507
509
511
513
515
517
519
521
522
524
526
528
530
532
534
536
538
540
542
544
546
548
550
552
554
556
558
560
562
564
565
567
569
571
573
575
577
579
581
583
585
587
589
591
593
595
597
599
601
603
605
607
608
610
612
614
616
618
620
622
624
626
628
630
632
634
636
638
640
642
644
646
648
650
652
653
655
657
659
661
663
665
667
669
671
673
675
677
679
681
683
685
687
689
691
693
695
696
698
700
702
704
706
708
710
712
714
716
718
720
722
724
726
728
730
732
734
736
738
739
741
743
745
747
749
751
753
755
757
759
761
763
765
767
769
771
773
775
777
779
781
782
784
786
788
790
792
794
796
798
800
802
804
806
808
810
812
814
816
818
820
822
824
826
827
829
831
833
835
837
839
841
843
845
847
849
851
853
855
857
859
861
863
865
867
869
870
872
874
876
878
880
882
884
886
888
890
892
894
896
898
900
902
904
906
908
910
912
913
915
917
919
921
923
925
927
929
931
933
935
937
939
941
943
945
947
949
951
953
955
956
958
960
962
964
966
968
970
972
974
976
978
980
982
984
986
988
990
992
994
996
998
1000
