-111
-938
-460
-255
937
618
-37
63
-627
36
654
410
692
635
-390
445
-977
242
583
314
-995
46
-841
134
667
711
397
212
-653
598
-91
499
755
258
-257
863
213
-988
562
421
-674
-133
-227
268
205
-561
-24
-30
-374
-864
995
-849
-448
560
-176
389
875
-670
147
-550
978
946
540
-183
-598
634
955
-302
-591
-888
-733
-532
419
-212
853
-930
-894
893
-263
-703
-519
-93
-476
-942
115
-527
-298
535
810
-471
-714
575
702
-519
88
907
434
985
-941
344
-924
588
392
-890
416
-837
-765
614
-70
-1000
-40
378
482
-110
518
357
775
-683
-938
570
-16
-443
-235
-864
-425
-752
966
-293
-826
132
-707
328
-410
-954
505
932
-254
621
-934
-92
-143
977
629
-728
622
-295
-456
658
-465
-645
897
719
793
-930
-137
305
-296
-668
-333
-144
-537
-429
-63
-804
290
698
255
-754
907
-893
-778
-950
779
710
-66
-194
903
-343
159
-246
-886
152
66
577
252
237
174
455
-179
-507
918
224
443
814
-890
-892
-658
513
-658
-228
-549
931
13
359
108
579
-350
-896
-93
876
864
-382
-552
-314
219
-979
522
939
-31
-199
-876
-232
538
228
-256
213
-63
-630
-991
-322
-692
395
-820
-888
-847
-2
875
-57
603
97
-846
956
20
526
-229
33
-793
-965
-260
-859
954
42
-835
-24
756
-75
