127
878
546
51
119
-730
-295
484
746
-398
-689
-543
-713
-890
590
300
957
207
-654
-726
-413
-926
-514
-950
715
938
-701
191
637
-226
-775
363
-271
662
-636
528
108
484
-402
112
-220
-336
80
708
-780
700
603
920
919
960
587
-727
486
77
22
-981
-912
-757
78
-757
355
-774
-243
623
843
-178
28
-150
541
-263
603
-918
-951
476
899
336
-281
-302
837
984
-625
-387
963
50
-355
-445
161
105
499
460
710
-849
-469
880
-770
-249
781
168
635
-594
141
64
897
-505
-813
-337
706
592
-939
900
-28
-203
566
-8
384
874
-629
-405
848
680
125
-117
-198
-529
-837
-156
-321
150
-648
-356
750
-941
-453
-183
-12
-82
-24
764
-327
-430
824
65
496
-276
-614
955
-402
-194
541
-278
-317
932
912
173
-110
-182
802
610
519
-154
614
974
-303
-333
-878
-27
-260
-978
909
449
484
20
-758
-438
-157
-663
-930
-409
129
-863
307
546
-239
780
350
-325
-581
862
250
923
44
-596
-920
582
-222
5
45
-941
683
833
-252
620
-192
-195
826
74
-180
954
105
-484
-760
787
-933
-265
958
-387
122
-631
-950
-427
992
246
-795
556
-976
-306
-449
-475
768
922
437
-284
-972
829
709
-254
866
-662
90
-887
97
611
807
-202
-602
-194
-189
-621
999
-173
871
-22
-792
-533
627
119
-920
612
-524
817
320
-990
-576
459
747
-631
-945
803
8
822
-901
250
49
-976
-770
990
-297
628
542
-759
295
-380
79
754
-512
265
-32
839
465
-632
856
308
-863
-868
442
125
321
544
-82
-378
-7
410
-610
376
38
398
193
362
-867
-162
896
460
888
-977
455
-164
-101
-585
61
-110
760
-263
750
-97
541
-993
-233
-72
-651
115
269
-729
-369
-997
-228
-26
729
679
513
636
964
636
-186
453
-308
-614
382
-735
87
-796
212
-714
624
-457
640
-860
-514
71
983
416
252
-622
700
-320
-765
243
841
-416
-485
-849
66
956
-987
-217
539
-153
-426
521
778
-198
72
-993
126
-680
270
-961
-521
990
-57
-168
656
-205
365
-707
-838
-287
856
-390
602
747
156
-946
519
-829
393
-268
537
181
171
-344
-497
579
-2
183
357
-71
151
803
203
-240
-679
364
-699
-740
-543
494
352
-642
-474
-614
-207
-436
-428
545
-171
888
149
-505
683
-929
811
-88
-27
88
138
-279
325
546
52
484
-617
92
933
584
38
-353
-78
98
222
-278
194
-303
-361
502
-772
868
-202
627
414
-772
697
-897
818
910
-661
550
500
-928
-369
829
-846
-635
-932
-151
-596
-358
-342
827
-725
-632
-968
-30
520
23
538
-154
939
807
240
279
-778
-839
-798
607
-239
-315
-551
948
615
-121
685
-186
873
-593
172
-777
-352
999
816
-279
-578
989
183
661
-325
415
830
-303
351
879
-955
141
-486
-60
752
-117
847
-333
-599
-447
418
-583
338
967
272
494
363
640
-911
-398
323
203
-266
-762
81
403
340
993
404
-640
151
-281
-582
-7
960
78
154
-41
679
-905
373
809
-865
-139
-40
-654
-155
-784
-512
-642
-494
-938
-366
643
-130
-975
725
209
-166
-364
-856
-163
-81
245
585
461
-209
61
451
-89
-777
425
848
941
-377
139
-243
60
-334
213
721
-842
900
-13
-611
-177
-492
-382
-847
-501
559
273
-538
-71
839
-409
-458
-265
862
-357
448
-625
-609
347
-126
-100
484
-844
-819
-309
919
297
-696
-515
-823
180
684
-773
220
-399
425
900
78
-992
257
994
-968
808
833
-930
279
-537
259
161
-664
-832
752
332
118
-190
192
449
811
963
-409
-280
98
437
112
-951
-560
286
326
867
-773
208
-667
622
268
-100
-375
910
-871
-321
579
-611
-411
-534
635
-992
453
-581
-165
-679
-907
-925
916
-384
-386
355
102
-573
730
981
-261
-516
31
766
-320
-915
360
-392
-463
-294
-566
498
264
47
745
255
891
56
4
-337
-69
763
-507
137
599
-14
-576
424
-837
-882
-692
-815
295
999
256
621
146
-844
492
338
569
-81
757
108
549
684
556
133
404
140
406
727
377
-384
118
965
-474
453
-113
850
-754
-707
-428
367
264
718
-989
237
-539
269
400
-457
896
-201
690
-998
14
190
-390
-598
-882
947
107
-305
883
897
691
-479
263
432
411
-878
-336
-833
-344
-345
-431
669
-937
-389
703
901
-827
-173
-440
-912
-711
222
-969
-797
434
536
274
529
311
382
50
-882
-190
827
664
-972
807
361
-530
200
134
113
-602
229
302
-848
589
-464
-955
567
918
307
300
226
645
-378
136
513
44
55
-311
-122
719
98
-945
99
-39
592
873
-277
-662
-804
325
-379
484
-156
-898
-351
497
218
88
-149
-550
64
25
532
327
876
154
-60
-319
-164
515
-379
856
-471
130
-454
-518
-853
-331
-749
469
-941
148
534
222
-240
-956
889
617
-665
-467
114
-380
-382
354
981
-858
-919
287
951
336
-665
906
825
-435
-7
398
649
-841
-374
350
-852
594
-332
-185
-750
632
-278
836
-271
183
-345
445
-705
-374
935
-823
599
618
144
832
-574
-981
-349
896
792
249
185
-502
-689
781
-817
-947
88
268
933
-817
883
299
264
-956
-489
-300
638
-47
235
369
-537
130
-527
-416
64
-147
-954
-639
-488
495
-884
513
241
-35
-699
-299
-601
-730
672
-459
-774
-527
-664
396
-10
-130
-710
66
574
-394
353
628
933
169
943
-869
-49
-208
-446
459
-917
898
-20
-417
625
370
-95
-826
-779
944
868
36
677
-223
-955
-208
-667
575
328
-604
-49
-918
-909
234
146
116
372
193
551
454
954
950
434
409
-184
911
35
-173
11
833
51
327
-999
992
-278
-767
573
257
-460
622
570
-385
894
-621
-390
768
-383
408
243
-697
-616
-836
492
-68
-714
777
-533
234
810
-373
-656
-160
213
771
545
-419
-246
284
-980
-587
850
-1
898
84
191
-269
-484
934
953
960
518
-27
-631
-634
-305
171
242
-669
470
-1
233
-146
168
441
-607
976
-545
-371
-89
-636
-625
949
-762
-705
746
-714
755
181
880
720
853
-972
-948
245
704
633
-256
-361
84
-732
817
109
-164
-93
-492
205
625
0
-626
-148
455
-923
530
103
220
-784
64
684
305
-96
54
479
-627
658
-523
863
902
319
-971
-31
-550
-448
-424
827
754
-447
-443
802
-705
-567
160
-985
-989
155
-130
820
-989
270
764
-367
9
780
-367
-491
320
-598
81
453
415
-605
92
-395
808
-414
-854
-387
-504
912
-420
-868
111
-287
-855
-897
662
-180
-883
445
-49
-172
-569
-980
-505
-683
244
359
538
-244
363
792
638
-903
-262
760
46
-58
954
83
261
769
-666
-359
-553
-282
-294
760
-281
658
-24
377
566
-220
12
467
904
254
800
363
-377
905
-734
356
838
-632
445
62
289
-325
17
-812
290
505
-435
-398
-274
539
-574
-441
78
-325
398
-200
382
-479
713
-381
-732
666
862
-535
-813
417
-605
-936
-925
521
-192
325
76
856
-854
381
60
586
896
233
-842
858
267
-560
444
623
291
741
-213
691
865
530
181
-744
854
-608
934
-299
-282
961
-647
-532
-179
-226
-344
256
969
718
-908
406
606
953
-759
-437
-577
-937
922
-947
-470
595
729
985
-913
445
769
-689
646
581
891
-503
506
840
-467
504
538
-672
575
546
-217
42
133
745
39
-2
919
979
-201
-90
-228
-785
41
70
722
-503
-127
-339
166
420
823
-942
-422
705
-470
-952
-75
-340
-442
320
664
-377
293
793
407
902
577
549
-316
556
-941
839
615
-189
-785
-598
652
69
38
60
874
-353
-259
-282
224
444
832
-95
-828
644
547
343
753
135
-148
829
-151
-273
3
477
845
-507
395
802
-806
370
-150
980
403
903
280
-725
-621
-239
-442
-591
-550
602
-376
-92
-336
-861
-644
-307
344
-530
-488
-475
-68
90
375
225
128
-248
-751
-997
790
928
461
-145
-463
-74
787
879
160
628
619
-866
-920
-907
-72
-41
294
-981
-586
-59
387
-650
845
-191
407
-968
701
-223
-627
-38
422
944
22
339
-217
-605
-114
-680
464
490
570
69
114
-585
-982
236
519
502
-281
253
934
523
15
-643
-509
-200
51
-671
76
531
-289
-859
-485
30
-129
12
-591
986
-411
780
313
881
41
-726
-122
203
832
-267
367
-777
861
251
212
-317
-638
-48
521
63
83
-679
-909
-972
-860
-6
-618
628
-551
279
-375
728
-882
299
-148
140
918
140
702
-868
-866
226
-487
-39
-441
-833
751
-115
-733
-353
-959
-219
-850
-155
348
-96
781
-275
-66
503
984
202
-43
-650
609
651
629
929
611
128
504
-275
830
309
745
825
634
886
-10
-867
813
621
-909
821
-727
-193
-312
77
-635
702
-289
49
-603
-284
28
-721
805
595
-302
226
-920
810
-848
191
-670
185
-525
472
-311
316
-720
317
-991
516
-215
-389
-478
85
0
-304
-189
-453
491
-423
-546
493
164
483
667
934
-373
-4
-789
-561
912
73
534
-491
893
-800
-937
-731
-714
-695
132
-552
431
284
126
597
-682
338
-248
-787
-842
-324
-25
-284
-523
573
1
-237
675
821
618
-673
-15
-661
673
-887
758
-50
-561
783
722
66
-809
-932
85
651
708
-354
-908
-441
-681
690
-273
328
-930
284
-533
830
681
-468
-509
-520
321
195
828
-621
694
-404
884
-544
-685
418
8
-172
-269
-318
-767
428
644
718
751
-678
-720
-310
463
-64
-353
983
-938
-101
-637
717
-567
-913
192
830
706
-987
-780
618
-656
-234
-683
-454
-750
982
833
-262
956
-348
-777
-397
-154
36
-836
-626
-935
590
965
835
-441
433
176
3
716
-988
910
3
991
-516
-500
-583
-577
12
719
-388
-795
-343
162
-5
-993
-986
-963
841
283
688
298
-392
730
-816
-85
845
260
363
993
-749
415
940
130
575
58
-426
-345
561
-291
925
-18
426
-684
-157
-234
737
-670
249
-643
-956
404
-675
523
203
-430
975
824
520
-409
83
-698
337
-533
-399
113
-880
913
968
-272
66
-467
-807
-916
173
-262
261
-7
-341
975
-186
-245
-228
-710
-993
-560
-896
596
584
999
656
839
-165
-717
-889
865
425
-937
564
100
-361
464
952
629
-62
316
-188
-760
486
145
703
-765
522
-989
-682
108
-683
-391
125
-44
-58
-249
-592
-527
-869
218
152
-14
-478
565
503
-358
220
258
-966
958
-937
-893
416
-901
-13
-849
-42
-474
-394
962
700
365
778
-240
895
-770
-721
650
109
-336
101
259
773
-852
827
-714
406
513
-859
959
-866
928
-375
-222
-717
-686
-254
-662
982
25
182
-325
-345
969
-189
647
112
785
-152
-581
509
-613
683
65
874
-822
-390
-475
251
818
-671
317
146
-185
55
-814
-880
-212
-441
661
56
-195
14
56
-797
631
409
266
-331
650
649
5
-871
-627
-491
-958
-651
441
844
390
-341
-787
906
-511
16
-956
817
-984
198
869
177
-281
-667
771
799
-803
848
-983
-128
646
995
353
-29
-571
-814
-140
416
-380
-532
-292
113
-946
-88
-60
639
-484
214
-368
-705
-372
264
-815
-883
-774
-908
710
-762
-739
851
763
630
489
-49
-929
-329
-956
-452
-649
35
-845
173
-513
-12
-174
554
337
-617
421
-751
-131
-434
873
-333
794
444
-837
566
919
-434
-116
-777
695
847
380
-919
850
186
-190
-227
428
-349
-759
66
428
-575
-201
-259
-184
393
970
40
-806
237
869
-408
378
-800
419
669
-958
54
931
81
-651
631
-892
938
842
596
-276
362
-233
-97
-173
-757
403
460
933
-108
567
576
-871
884
-746
51
325
-337
-455
263
-671
974
609
-406
190
-899
-678
-548
4
57
247
746
206
846
-123
572
-662
-528
423
-755
-150
487
297
580
-567
619
717
-111
-531
185
-221
899
309
-369
-167
-759
-897
-705
-98
926
-778
-811
977
-358
958
-277
-354
-939
-773
-439
125
964
981
-293
-377
-71
-254
966
171
-317
285
821
638
-487
789
-944
-886
522
477
721
-662
-346
631
930
388
763
-883
-320
133
-674
523
-574
-32
258
-565
-86
904
-406
749
605
340
695
247
-740
761
-710
651
-813
-722
865
669
197
216
-771
34
-955
389
-140
779
745
-724
462
-613
324
-910
163
-514
213
891
-790
-370
297
313
-79
-724
627
-44
490
684
-47
761
-742
524
-112
935
-147
-550
676
-400
-109
731
-565
-801
-412
761
-239
-459
38
664
333
-879
-816
259
-395
612
614
636
35
-543
-762
-823
954
659
190
762
390
-40
-379
-109
64
-747
510
-446
-250
-566
643
116
-961
-993
629
-356
-565
-572
-226
549
-587
168
-671
-314
661
910
598
-320
-18
-215
140
-931
235
-257
-205
-778
619
-351
273
813
-255
270
575
90
-681
-425
-648
385
-882
652
-53
-309
248
216
286
262
-169
7
105
793
-429
-391
-196
-775
241
-408
301
-883
-66
897
-545
49
596
527
639
99
-489
655
-379
-466
530
-718
-90
24
569
-392
-754
528
-16
824
-454
566
-11
798
-92
765
42
-558
402
-321
-88
-955
-108
559
-594
987
467
-530
709
-689
478
-944
280
-797
702
632
3
767
-331
803
-65
384
674
-398
-558
-488
-435
-148
127
-994
349
437
832
837
49
856
851
-17
-221
-60
19
197
46
97
-338
86
-317
694
-769
196
314
-363
-298
-115
342
376
-276
-462
387
-64
-65
-378
997
231
-811
316
595
-946
722
584
-680
924
886
-333
-984
-440
689
-839
-708
679
-498
517
151
-164
609
321
688
-992
-505
330
515
946
-191
-476
-396
-994
-201
243
518
977
677
-429
643
961
162
766
-482
-20
851
107
346
-750
786
41
327
-172
-694
112
-167
-970
-268
-399
-176
601
-747
-252
-798
350
792
-412
-122
382
87
621
-458
-420
-576
772
674
669
-533
826
221
-762
-979
-525
-980
860
47
729
-296
221
-947
25
-512
975
-527
-434
-920
-87
-886
-60
-230
636
332
454
233
331
-615
-927
-276
524
650
-316
923
597
274
-229
-693
-693
-795
-925
933
460
395
58
-217
810
-435
-55
-154
481
-740
618
-810
55
196
805
-520
-192
-515
-907
-266
-493
-558
42
938
-112
-812
675
434
-340
623
-226
858
627
-708
964
394
465
-400
-710
-453
149
526
-25
399
-562
930
239
252
499
-481
374
-934
-539
881
-747
-801
823
752
775
782
532
319
548
111
607
583
603
248
471
-740
738
-331
760
313
-447
-916
812
93
999
-825
190
202
837
728
201
-865
-869
510
-516
185
-707
-170
-939
-904
-125
-653
80
476
-568
-424
906
-881
480
-544
897
-845
17
974
309
-735
-316
-28
-779
-738
-501
-279
-924
16
378
687
-688
434
125
597
-836
-984
-648
-647
-931
618
-549
-15
-571
356
38
-131
-581
477
136
-561
755
5
368
-825
-675
-698
252
-722
692
477
680
-671
546
692
-869
-315
186
774
475
730
-505
730
-495
882
-468
-557
-187
94
123
315
-423
408
10
205
728
-345
380
459
246
164
-417
81
-969
176
-842
142
126
-509
-82
-333
-635
316
-911
880
-580
-400
553
734
74
617
285
-151
-555
99
597
-134
247
750
146
841
621
441
-434
-977
-880
-190
-880
270
-393
812
609
412
-621
336
946
-99
189
200
-987
-156
-613
-554
834
-814
-201
171
378
846
80
306
-114
616
411
602
961
507
467
488
-51
-38
498
-941
-555
-247
-785
515
902
35
794
657
899
-68
260
-221
-452
-667
-650
-885
745
-142
652
367
396
229
-627
778
947
-82
-287
-871
184
-532
-215
-839
-519
-604
493
-172
-922
276
-235
-661
-472
724
973
910
484
-383
-950
-340
-761
-501
-52
101
-606
602
802
-341
-423
983
-859
-555
454
497
-809
-926
943
519
479
-931
-660
53
-674
-584
-744
-922
-75
-522
139
-92
-119
471
783
937
471
-421
-752
-329
-651
236
314
-606
-210
-687
45
612
-739
-66
291
-69
111
-365
-572
563
376
503
480
-777
485
207
392
-19
83
686
967
456
-621
433
-289
-942
-293
346
-228
302
-550
-595
607
-718
598
705
-936
903
220
629
506
-767
741
33
-958
425
884
803
251
467
-122
-644
-527
906
-872
746
-843
-943
-520
-205
792
-530
730
21
-811
-616
609
906
354
-556
349
146
387
212
693
775
339
410
-940
924
-415
436
393
-719
-777
-598
-19
-787
490
-803
314
936
-551
-923
8
-620
74
861
-131
692
-629
-870
504
535
-790
-22
362
-552
557
-888
776
-10
76
-566
670
-330
998
-779
-925
575
550
346
583
675
20
353
-539
757
365
-443
-700
-113
-718
161
631
-566
63
491
563
-757
319
36
724
-105
455
561
48
-701
272
925
-668
722
714
-203
10
-328
-512
752
-62
-431
-24
-506
520
814
-292
-65
415
-252
922
-575
782
-585
403
177
902
182
441
955
148
957
329
761
-824
-247
-448
684
-776
-214
872
-344
-453
773
-597
-782
-562
-33
358
858
499
558
-735
-540
-813
-554
-72
-494
721
540
619
-442
894
873
-36
732
848
561
353
368
-609
977
777
-601
-910
-347
221
-204
-636
272
489
-689
466
203
-48
-534
-818
685
-423
892
3
449
-323
-486
829
-188
847
-172
83
-429
349
51
-903
-340
-100
-802
665
-844
-389
-150
25
-472
831
228
433
233
856
-76
-881
-130
-143
-306
796
206
439
485
-243
-785
826
293
361
344
-34
-411
-7
-525
-671
-704
873
-670
-467
-89
-372
-695
180
-852
26
-383
-748
-202
230
442
-119
835
739
503
396
-739
-910
-23
528
-291
-224
622
-412
-127
15
215
830
-94
-582
-610
-684
750
-816
458
359
-577
502
680
164
769
-294
48
735
-341
-208
767
-535
796
418
-961
384
598
655
-754
394
-354
-38
-194
959
719
-815
218
-820
384
-459
-922
521
820
-826
-346
-655
138
-757
-349
-601
244
-819
599
237
120
-516
-36
362
-924
-974
-441
-531
-994
-760
321
792
124
737
-967
764
-251
257
254
-891
-443
-692
132
-690
-574
-178
705
-498
-651
-609
129
685
321
-632
458
-866
-258
459
-360
243
-715
-956
128
614
-127
-758
578
202
-956
592
821
209
346
35
-687
498
468
834
40
9
431
-765
-807
-369
746
949
585
538
-518
354
997
-995
-125
217
228
191
871
87
867
947
45
878
728
865
-983
774
597
857
49
953
-995
47
-715
-986
-335
-151
-837
145
532
-542
757
-323
-942
-248
-289
920
952
-674
369
275
-413
-587
-610
-112
706
-957
-594
43
118
79
798
-342
112
-415
907
-198
-523
149
952
175
-592
540
696
-793
188
875
-777
-622
-13
-27
-717
726
-825
-943
-810
604
103
238
-660
934
73
-738
-330
-818
-932
-607
-748
450
-839
-410
-903
47
-397
-274
577
744
-149
167
-747
-718
-365
542
-797
-259
326
938
-299
574
435
808
877
386
896
-904
196
-709
-609
-462
-587
918
-258
-431
823
347
-912
-532
286
-625
-300
152
-501
803
-126
101
271
54
-494
-215
122
-357
-680
731
130
-722
-219
980
770
37
677
858
555
212
-619
535
-193
-714
-776
-676
307
73
95
774
417
908
518
-992
156
635
128
-715
-857
-576
-562
376
984
589
126
601
-12
-356
181
-388
-944
-275
409
-868
-230
233
425
672
98
-872
-856
-798
671
-716
-555
-46
406
-250
809
-757
-366
-964
-687
239
-26
203
-670
90
166
-508
-445
-549
662
876
639
-703
280
203
85
769
47
535
-951
937
-471
-663
953
-638
-890
657
-547
526
-7
271
446
927
-981
-692
-475
514
-982
196
128
-197
-119
78
683
-658
-987
812
-503
68
970
982
849
-243
567
471
541
419
-421
-435
58
-263
888
528
-399
570
42
501
-19
780
884
-471
511
837
732
181
33
-236
-965
828
-252
-720
921
61
961
-996
788
-589
699
-867
10
-128
-247
422
106
665
472
-198
-633
-27
-519
550
723
-800
-1000
879
-483
732
168
-171
-160
-795
190
-886
-839
-871
253
34
-581
-225
-553
521
-969
-184
-529
-960
-618
-446
314
-961
281
-2
-775
653
969
428
-234
-310
-876
716
-412
-192
-159
-525
851
-607
486
-432
562
667
-170
-915
98
475
-278
415
-255
553
-538
209
756
611
801
-688
120
846
225
341
-100
47
-969
806
-987
-480
984
717
868
579
-713
-318
-239
-775
694
354
805
369
-32
-85
942
-271
-642
-37
-415
155
-730
995
352
876
148
81
130
-993
-999
253
-79
-318
778
689
-184
-688
-153
725
935
-822
-40
88
-574
-893
-671
-865
-26
-95
-606
997
-715
13
459
-512
-722
406
607
18
-246
-671
-571
-867
374
912
790
60
532
-826
467
417
-707
593
547
437
521
-401
-770
-158
-829
367
-183
968
677
-817
419
-152
-747
-850
-854
2
-457
-686
-787
186
84
380
-586
-936
-619
496
510
-225
453
-108
881
-694
19
-449
85
158
364
-149
185
-626
289
930
-412
-262
-40
414
675
-90
-750
-113
902
862
274
-249
987
147
-591
824
-346
738
-210
-782
-626
-963
441
289
751
-502
-61
587
-669
60
710
-663
-382
-3
-901
130
-664
959
-552
-212
119
968
-798
672
-199
-801
-40
-283
278
-756
-493
-18
-51
-864
-568
-418
-426
-958
-42
904
-852
-794
-803
-418
305
-260
530
868
-442
349
10
-619
-859
-78
-993
499
-440
172
214
-101
36
486
155
619
780
-570
-108
-692
-962
-631
-93
-84
-855
907
447
-280
-778
-148
-12
-795
-362
887
677
-360
484
754
122
518
324
-97
-329
558
-290
-345
-40
32
-763
18
948
79
-772
-922
171
648
503
-940
72
-738
162
606
611
684
426
825
497
-291
472
-240
237
-166
701
-289
968
296
-4
-582
132
662
-858
-91
402
-103
-203
-85
332
-11
956
-108
-684
204
-819
-633
348
951
295
904
-8
972
-635
-127
-141
-682
-581
15
28
603
883
644
239
-274
564
-134
-164
922
-465
-635
702
850
-337
935
-527
-814
-743
-23
-829
-394
727
-428
968
932
-110
119
-613
711
97
-187
153
-170
791
214
-753
384
225
185
841
-119
699
843
867
47
542
177
-798
468
-272
519
355
-324
-850
140
180
629
-553
-612
-253
-285
-270
-805
909
726
-540
-648
660
-811
-577
-735
680
68
444
904
520
18
267
-835
196
570
373
107
-594
668
785
953
-773
-980
469
899
-360
943
509
-225
848
-15
-90
91
-850
-8
541
-172
743
61
-288
485
-484
-926
543
181
388
-638
-734
-832
-920
218
-319
-359
855
319
-602
-880
-652
651
438
-193
-576
126
44
509
973
309
525
-346
-851
-618
140
-183
514
510
-439
986
-938
487
-251
-756
269
-90
-743
743
-920
813
35
425
-803
-483
620
654
856
-415
-247
133
457
173
-318
-377
-234
-491
-684
191
598
849
-631
158
135
-109
706
518
385
771
847
218
-935
-925
-883
-132
754
-226
-657
-836
307
720
323
-490
787
-27
-240
57
-38
-777
-403
-707
947
944
-523
-553
-298
66
497
32
-93
454
-956
-730
902
-308
421
-507
839
642
591
689
-365
90
-565
892
-259
982
-475
970
-687
-781
633
280
318
-135
58
-819
412
-130
361
-742
451
-692
-520
-757
-750
-683
-945
-417
-844
255
85
913
272
-513
-822
-410
833
154
189
708
-661
-488
816
407
598
511
-681
329
153
-577
641
978
212
-806
-550
-435
-204
868
503
78
-197
-809
684
-529
70
-731
49
-741
-752
-61
-585
956
-481
731
-316
914
509
833
-687
575
-19
-880
-359
948
-129
-788
130
27
382
647
-654
-606
233
-69
-456
-381
147
49
-590
527
354
887
907
998
40
-698
-410
251
905
391
370
-74
562
501
-614
535
467
425
147
-109
533
484
-375
-81
-597
-165
454
-6
532
695
39
262
-278
659
402
-488
955
790
66
-665
715
-791
692
-173
798
-35
314
-796
-328
307
-250
-39
-410
315
638
104
640
211
-581
-318
885
58
853
-180
-590
-312
-572
-616
535
-276
-335
-783
-673
463
629
586
-706
140
64
-453
-920
838
-549
-131
256
957
-821
300
651
-173
688
181
-926
-790
-548
-22
-562
988
387
48
121
301
428
-454
-32
-291
-526
828
-851
893
-708
-559
-282
618
208
401
-876
354
205
660
105
60
-924
-994
-47
710
-131
521
131
191
-576
-272
304
519
323
-770
517
336
-112
-759
-737
-352
-475
719
199
709
-906
899
491
363
-306
586
9
-885
935
49
799
-113
-260
913
-664
-922
-256
361
931
537
991
444
-516
6
-811
522
-85
-735
888
-641
52
592
369
-496
-669
-654
661
-686
676
-352
-300
595
504
-342
-789
-729
451
483
187
185
474
363
450
-925
-68
-832
-225
-365
11
-929
-368
-789
-99
492
-150
436
-864
810
550
351
-545
-831
-480
705
-776
-280
-337
-237
-516
840
712
-69
754
-442
446
-163
522
-826
662
-228
-592
-226
-196
-611
339
226
-610
-977
388
658
905
365
-597
-781
554
-103
-939
-228
275
-832
-919
-202
-364
696
214
224
-557
338
-48
298
-328
154
663
623
299
-83
277
603
-354
-353
-971
473
545
-915
427
474
-784
382
-842
-365
-987
-447
-32
699
210
597
-917
620
706
494
977
-26
-663
-251
-497
36
-410
-708
-622
-725
-826
358
-802
749
-729
498
-667
-216
257
-309
987
-425
-544
811
-152
693
-530
-29
636
-504
870
-289
583
138
178
-240
-355
549
678
872
-604
35
-711
-456
464
-466
251
538
-88
673
-414
-985
235
992
-734
910
506
-832
-199
945
-534
-8
461
104
2
-333
-137
746
243
32
965
-876
-626
-904
-445
370
-81
382
17
724
296
192
887
-213
862
-270
314
716
443
998
868
289
-993
-565
439
287
205
-569
-368
-533
-10
85
-843
330
-639
218
-636
365
139
669
-590
899
215
103
-73
-431
-205
-195
-147
166
-638
-569
-470
-465
-108
973
-882
612
412
611
230
-931
434
761
531
-485
788
-410
862
-80
-415
356
230
863
-9
739
-793
-794
-907
574
596
758
-615
-994
970
928
-478
-361
48
-778
951
-673
-171
-798
118
90
785
-194
203
-559
815
-635
-245
342
-826
-512
887
-268
-650
51
535
573
726
-909
844
526
-391
627
87
-301
-859
353
-307
-205
119
-93
-79
-498
911
368
782
-655
834
565
-48
-64
653
-422
27
942
61
386
711
-572
-138
-859
301
210
724
497
-859
301
-17
286
599
-264
124
425
-456
388
795
214
-650
144
612
-375
824
628
-477
759
-507
-513
948
458
-608
-351
-911
479
-348
-594
-701
751
611
112
37
-629
-992
748
79
-668
347
93
902
336
-868
-846
760
-859
182
183
-217
-507
-214
711
345
759
726
273
856
604
-75
330
350
-649
965
181
223
-911
483
-3
23
-386
531
501
730
-319
218
737
-40
971
-533
-260
982
905
-239
-340
-593
235
-8
-817
-584
952
-992
-566
722
-985
741
-720
811
-526
-858
88
979
-301
94
726
-982
-614
-506
869
557
913
-708
-601
730
320
-490
-341
992
-42
-510
388
900
-246
288
-276
-384
-573
-545
-547
499
-468
91
-10
-290
-891
782
795
-70
347
-822
465
-156
91
435
-960
-619
29
834
847
-931
907
-891
596
-165
792
970
867
-636
420
-173
-818
-764
-608
-54
-252
-408
309
-877
-495
-177
-749
-441
-641
-437
-674
176
-670
847
-376
-599
-87
-292
-782
-432
704
248
-418
830
-104
730
594
256
-766
178
423
-573
-232
-759
-712
58
-112
522
409
157
-849
-879
-411
-258
338
-845
761
772
417
-652
34
390
-741
-850
-527
892
893
-411
245
-932
-682
-754
778
-953
983
166
-516
935
-789
-621
375
-276
858
-131
393
-773
797
-288
-592
-477
988
-373
-607
477
-781
-232
-821
772
377
-1000
166
-447
531
-689
-757
-635
-722
359
-400
-658
928
360
220
552
-991
-750
962
575
551
-782
497
534
-931
753
-610
712
411
-643
835
-217
106
857
292
-796
-604
-397
94
831
-994
187
727
645
958
-326
553
859
-801
516
262
-292
-120
696
962
-158
-736
700
294
531
806
-481
102
804
236
-143
349
744
-564
-745
-298
-625
-899
-411
-690
-149
-23
-423
655
-468
-671
-256
-421
524
158
295
246
-93
495
258
-195
-945
-314
451
276
357
-687
323
-10
-494
-316
-847
-685
207
686
-911
18
789
0
56
-128
355
-90
-339
-653
-718
686
-838
638
89
-763
278
386
-222
740
842
-83
-328
-949
-365
-243
-21
-681
14
-33
962
479
-596
382
-236
-571
979
552
11
-908
-131
992
-889
-739
-181
755
-29
7
601
430
-693
148
-11
157
-810
-546
-19
-406
211
-297
-529
-262
-393
729
918
-845
-607
364
159
869
287
-293
-928
-697
223
795
652
-810
984
-785
194
868
977
26
-356
-784
-651
382
492
-328
-398
-194
-735
-830
-357
558
933
-780
-505
12
-167
-255
419
971
-34
-888
-888
102
-819
-565
551
-804
-614
401
-436
458
-297
659
-494
-447
-203
-10
-714
604
-866
-359
-272
70
742
-67
45
-334
982
0
847
-185
732
623
437
-891
427
742
691
-131
-118
551
-26
-679
-54
-739
-848
899
731
786
920
608
-453
-820
420
554
645
710
-800
33
-911
372
842
-784
-524
-523
214
993
-494
-667
-964
939
573
-247
-650
-521
424
-248
129
405
933
543
428
427
37
251
-814
525
-424
-106
75
-20
456
813
-441
-158
-573
-314
395
-687
139
-555
-348
-205
-200
899
533
571
-512
-155
945
-301
169
-104
-807
917
-723
-969
-889
592
-340
-51
637
-678
-250
871
-801
-282
31
-307
-281
459
209
-623
539
306
-537
821
-92
-747
-413
-951
39
-262
-923
142
134
-994
409
-992
-75
391
-381
-618
544
-734
-732
-92
472
-272
241
-264
505
-218
701
-104
269
726
-848
-19
776
960
671
887
-671
716
990
365
558
290
-573
-458
-8
962
-435
241
513
236
-780
-343
-509
708
162
434
-924
-645
447
-341
213
-969
-751
475
954
784
379
542
-42
-315
-569
-894
985
994
-205
971
506
-419
904
459
828
-432
922
591
-472
-178
316
105
-625
-208
-477
-8
-188
-545
534
747
365
805
280
113
952
-517
-61
895
-885
-903
816
-392
993
-274
-134
-724
-252
-498
720
-430
-420
-683
716
-100
880
-814
-294
-452
595
-963
540
-178
497
-605
464
-300
-456
918
-466
80
749
-900
252
-32
-300
773
-421
-389
558
85
-46
192
490
-866
-921
-671
365
-213
522
-184
-672
598
146
-803
579
-928
561
-214
-129
-155
-746
525
-26
897
-492
309
-167
343
-850
-991
711
-838
754
-629
-17
-210
140
875
-276
-560
-573
-428
652
930
-946
-57
432
225
-666
685
-75
468
972
608
365
-226
-569
-579
230
-570
12
-64
707
-63
786
538
977
-955
-142
687
915
33
-900
-382
-682
-804
-372
906
867
-254
329
293
-813
-448
-460
-87
-378
-438
-973
-846
-636
842
187
317
184
207
-181
693
273
381
-887
169
-555
546
384
-533
-980
530
-976
84
946
820
398
750
220
-539
238
-605
-283
-37
903
480
-986
-623
-993
-93
51
-691
661
480
534
475
638
-79
-726
-966
54
-854
-534
627
-236
519
-322
142
106
97
-245
689
-115
-168
154
-428
-364
-129
709
-901
-880
507
-622
255
-828
158
-964
581
-632
89
-993
-759
378
-104
-61
292
771
303
274
-500
-661
-523
-289
549
-858
-730
-978
-269
124
430
432
649
-606
-996
471
-82
891
754
-738
252
220
738
-20
690
-114
-590
165
740
939
-963
-885
-400
-587
903
272
574
-611
-16
668
741
-250
-730
-277
-214
817
-66
712
159
-501
133
924
227
-615
-326
-838
418
117
155
-182
467
529
-927
411
-146
399
-838
-94
-488
382
-519
-334
-980
-506
-381
797
-844
-58
-98
-699
-524
781
-989
95
596
-399
-637
-888
60
-459
-708
631
508
908
312
-605
208
231
481
-502
-90
489
671
24
881
221
893
-973
-337
353
120
574
-978
-643
130
-162
421
-351
222
-304
-652
144
-503
-575
-136
-850
139
-267
456
-226
523
-966
58
850
-752
-522
541
-989
551
-560
-333
113
-702
-129
453
-271
246
-921
81
674
623
-275
411
-346
27
-127
-644
-767
-125
205
450
-685
395
821
37
-577
-679
-772
-561
-873
-386
-922
795
-44
877
-754
-378
348
-247
80
-382
-128
425
429
928
-483
-230
583
-851
559
-742
-16
-644
-307
585
-366
876
298
-364
851
631
-644
14
810
-294
-79
798
-361
79
-589
473
-805
-402
660
82
744
-345
-447
-316
669
-382
-117
499
859
-577
-508
-449
507
-533
204
-989
-159
910
206
-357
221
80
-214
440
-659
313
270
471
-547
813
564
729
387
-322
366
494
-47
-154
768
938
111
-856
579
745
-203
664
45
919
-404
540
-354
-400
-868
675
886
707
816
862
11
824
665
621
522
-270
224
-424
-108
-677
746
-606
-938
-765
-795
-462
-407
283
375
-542
978
284
-456
36
-948
843
-953
669
343
601
-344
512
887
-497
-170
-607
469
416
512
598
434
-452
133
-974
986
-213
233
41
217
722
793
445
777
-558
655
862
904
-647
-751
928
-223
260
553
867
23
427
534
-543
-189
-469
-746
-502
-351
247
-355
-800
525
-282
-981
-98
-666
921
-276
535
358
-163
542
-893
423
-190
534
-564
-802
252
-1
121
66
616
-277
-21
-760
-374
-72
-732
28
-165
-533
74
90
-512
-326
-333
551
303
991
-127
-878
-29
450
-251
605
487
-486
921
390
985
-799
-829
223
-511
-233
-484
-935
-357
318
-410
-845
896
995
-714
278
464
-449
352
572
402
-31
-828
50
276
91
522
-67
-147
684
-359
-434
683
-223
842
-640
-902
448
-85
330
-160
-959
-61
-912
-136
457
177
-112
76
369
-224
-203
612
-826
172
253
803
111
-382
844
-444
31
770
-45
254
555
702
-176
714
176
-684
-230
-13
-579
-258
-68
168
223
832
816
626
664
-53
581
416
22
314
-467
569
834
-743
-526
790
-99
277
-473
-471
-98
-815
399
608
42
784
199
-573
-264
477
-182
-47
866
-951
355
208
654
271
531
-511
42
400
664
577
929
984
60
598
-555
926
-35
-701
-288
-685
-724
-847
750
320
817
-634
-22
723
344
-754
-775
-862
-627
695
597
-469
743
-46
-209
70
-336
274
762
-297
343
696
290
-67
-199
-407
902
-561
399
-642
-959
-458
-860
454
-305
244
-372
-161
-269
386
300
-2
-162
-382
-449
-684
-672
221
-584
-666
891
-865
265
-76
-913
884
500
-122
-485
-493
-100
277
836
845
-433
-655
859
428
202
467
718
-74
-562
-457
896
-446
56
221
758
-837
272
-726
185
-808
-826
784
-187
-615
743
-188
272
-478
-546
580
199
-566
924
-237
559
-548
-382
922
-608
41
832
-423
-791
-184
-417
-827
-614
788
-380
961
714
-548
790
-735
-365
-213
916
-865
219
501
206
-624
-296
319
563
-930
-692
676
531
-831
-156
394
-398
219
172
-299
868
758
38
-114
-998
-704
-609
-88
349
-494
-670
-65
-920
104
-394
-984
-168
-911
302
49
330
424
472
-346
-221
607
-536
-184
-40
5
-680
-336
-576
356
-530
-190
-379
-509
169
579
269
497
-449
305
-841
180
960
-249
-957
-420
-254
-501
-651
-273
629
277
234
-930
-575
411
-660
-318
-273
474
-828
262
710
-877
527
867
100
21
475
-510
-556
12
-498
-373
939
-206
573
-81
-967
259
201
123
654
842
130
293
355
300
705
152
344
-434
602
201
-340
719
-497
243
872
959
-306
165
-856
-172
583
356
-198
-542
-496
642
-371
-57
-13
217
-972
331
-524
-727
192
-799
-169
-960
26
89
-7
-243
-297
-224
643
-370
-162
-238
-913
589
820
724
-143
702
507
-830
188
-635
-330
653
257
-334
733
-494
747
-302
893
88
-257
503
-655
119
-291
-836
978
-883
940
776
-912
425
-313
-304
-495
-813
549
-723
-519
-347
613
621
402
-787
234
-863
178
506
-576
925
383
799
146
839
214
-102
-12
847
-22
406
254
-931
-386
-103
361
625
306
915
316
539
-547
-440
-837
-803
-160
-904
-914
-767
835
-320
-51
438
346
754
-207
902
758
0
952
-924
123
941
-111
917
-91
-571
-297
647
65
807
672
-994
-879
667
-688
-878
-565
613
852
-691
686
182
186
697
-16
804
976
759
267
637
-46
-267
-644
324
-791
-320
-527
125
3
48
345
-60
166
600
784
549
-733
64
437
176
-445
768
390
861
966
-31
412
-808
-729
-241
-994
63
-953
326
272
515
-779
-566
-248
616
-764
830
906
-170
311
325
-98
216
-538
49
813
922
-188
745
547
187
-59
-372
445
-383
-19
379
823
725
-637
346
-952
445
470
904
150
731
-878
-726
-562
-213
236
520
-177
356
892
271
-28
-416
-146
-858
311
-481
368
189
-3
-199
304
-427
-957
-174
-667
387
-684
-98
945
759
-538
822
-904
922
60
68
-198
341
841
11
87
697
892
-80
-834
-826
262
847
621
975
-231
734
-792
371
464
-298
-823
-845
849
-785
-793
134
-531
-243
472
607
117
-778
-209
44
-294
-67
64
-767
-715
430
-829
-381
-437
724
294
-790
192
841
-662
841
638
-214
-552
63
730
686
-737
838
413
-872
-24
126
369
-810
-985
635
-791
501
-778
-875
978
706
-981
85
544
546
-382
58
-393
-513
133
-224
412
-586
131
-343
718
-277
-513
330
322
-33
-894
690
-167
723
-868
-97
711
-934
-577
906
68
-842
-866
-244
777
534
393
-972
194
832
479
-9
635
723
908
-519
-710
239
-870
-75
400
-428
-726
-884
-81
314
870
-473
-110
102
-557
-943
-258
-510
-125
-642
819
-808
-961
-531
779
517
-261
846
435
-543
-845
642
662
210
969
884
-585
126
682
-480
142
-911
206
720
-870
-108
-135
-934
991
-428
381
-956
981
252
-261
350
206
-453
-743
-441
155
591
753
-379
380
-599
-978
362
732
-560
432
91
-266
-675
306
166
-272
372
400
-359
433
-461
299
-574
-762
974
-32
937
419
694
-30
-244
-473
418
226
-217
321
-680
461
-98
-933
-428
955
291
647
-68
787
562
-84
-210
-566
-364
-287
791
610
594
857
-793
5
-761
532
-747
-222
-234
-363
172
653
-31
277
914
-156
-815
730
-663
-809
-786
423
9
-598
-661
-86
-190
-819
-313
-989
-654
774
-257
-926
835
-289
900
128
-958
-718
92
-468
982
-378
350
-385
615
-541
392
-801
-813
-930
-719
-276
960
294
-891
-612
-143
-543
378
671
697
-574
-543
-230
-866
-135
881
-925
-638
-787
-298
68
-108
-861
-797
-477
741
-819
48
-239
-111
-532
-976
-946
-825
-415
144
797
-503
604
618
629
-344
176
479
-241
-544
915
-837
-289
526
928
618
148
-912
322
190
-860
597
-359
-707
-790
-397
-714
-655
868
-776
-452
303
773
-986
902
-334
-895
775
739
-959
898
288
796
-427
-725
-563
149
-53
-732
783
32
474
670
-126
-996
350
-268
290
757
441
-748
454
748
-669
-281
907
698
644
-27
726
-38
-677
-650
-625
-11
-101
376
-416
611
-922
-743
428
652
77
678
-500
8
117
-615
-403
-792
556
121
42
885
423
-408
-905
683
-573
-910
-226
220
307
262
282
919
667
-915
217
380
-681
-915
561
744
190
234
994
-727
-163
-55
180
487
-226
-558
398
-80
409
245
302
-975
590
224
795
852
313
-38
497
514
-859
974
-66
-53
-750
-717
-986
-234
-735
-221
-430
-620
971
-274
-134
133
-227
-169
831
-568
905
523
374
946
511
-962
138
949
392
77
-478
318
-497
60
-357
57
-216
390
200
119
-227
-81
-72
-67
312
354
163
-503
-90
444
779
-614
-709
813
220
291
-663
-353
789
856
-497
513
-944
-546
-373
-834
-886
2
436
644
-49
-292
839
316
-868
654
724
-576
554
-205
598
880
-10
350
-543
525
-583
-478
278
-667
-819
26
94
158
-968
614
-490
485
-949
-63
-930
694
457
-247
72
545
-536
698
-787
-703
524
328
804
766
571
-598
-224
-612
51
17
772
-822
-814
-293
677
-327
967
220
-551
33
-607
792
848
-148
198
-957
692
993
247
641
131
-239
-573
9
251
-895
-663
-94
-711
-392
137
890
944
-1
-664
-454
-337
905
-642
-629
244
866
-280
685
-378
631
835
-630
24
262
56
-245
-580
-527
587
-62
282
145
-867
-75
-448
-335
834
759
-111
-76
286
-206
782
-652
-363
-704
217
685
-535
-905
-263
-188
-325
-52
-969
248
-865
-994
970
-865
-680
76
225
425
900
-710
-860
233
-221
353
60
-572
-887
29
-517
847
-414
-186
-93
395
625
-708
-235
808
350
-615
687
-541
927
739
-962
-407
-661
463
-958
477
521
-385
324
951
-851
679
630
-773
-409
588
-750
117
-501
-212
693
-564
-696
-768
17
436
-914
725
58
577
595
-29
848
-691
-999
954
-805
459
184
-554
189
-905
-722
326
224
-161
25
627
938
49
333
989
-905
583
599
408
549
-882
-755
-59
550
-878
-263
-927
852
782
-794
213
-592
-288
-224
-893
564
-971
415
-513
-689
-815
-893
-227
490
771
-220
-340
831
-429
-843
-451
-875
-453
-297
66
-358
-325
-763
27
276
882
-737
-123
439
-363
-367
434
991
644
915
383
787
-160
-938
598
-574
589
640
-854
883
996
-938
380
-17
-549
-354
-10
-119
560
-820
-653
-886
-646
-516
-636
628
54
-156
-474
660
241
-148
-413
982
-381
-834
-240
-836
911
-453
637
275
-266
205
-347
-531
982
754
-748
896
-154
-729
53
957
-278
-556
336
991
-28
-659
290
321
802
-189
494
750
-749
-112
-224
-187
38
19
151
529
-437
-688
-429
-47
720
-869
-376
-525
-495
325
580
498
845
-236
632
924
526
-497
75
762
-141
111
993
523
735
62
877
613
-185
-889
-241
674
520
103
617
835
728
-493
369
359
344
132
166
445
916
14
-881
351
578
69
-260
-391
-509
311
-375
779
-979
375
-607
602
94
440
511
453
-480
543
602
327
-351
167
326
361
-639
266
50
-344
-56
-462
-676
988
32
393
-30
126
-122
-284
527
473
-611
493
464
-95
707
836
133
920
440
301
923
459
966
-979
-628
-227
665
28
613
986
893
-588
692
41
-309
-963
252
-798
-455
-174
472
-303
-909
-639
28
247
203
-536
-329
-121
193
-215
568
36
-211
-504
78
-427
-990
-478
77
126
636
25
264
-560
994
-125
-223
-767
-814
-85
-96
-23
216
248
5
-810
278
237
451
626
101
-695
398
535
-996
250
-690
493
572
789
654
268
-813
466
28
-842
102
-492
-342
324
-808
-849
-489
579
804
113
15
-576
-418
211
560
-429
249
335
638
273
-209
-982
-584
-823
-431
810
-720
216
-902
-915
-368
-326
496
298
-933
-622
825
-250
799
-131
811
798
-110
-123
953
86
-203
404
712
580
-664
-411
41
826
-353
385
-683
-712
-525
481
641
-26
926
17
-870
-892
-120
-992
833
756
398
-462
-360
969
-239
730
-942
931
334
-844
438
-884
252
334
423
-117
-504
-701
-639
-914
554
-383
178
-609
-793
-624
4
675
-680
-909
-474
456
-219
790
-323
-377
928
-795
-458
509
372
-515
115
921
-430
717
587
311
509
-242
-643
-327
-940
-922
481
459
20
-708
991
-690
-419
209
779
178
410
-456
83
-573
622
-711
-754
-643
334
393
-991
925
827
894
-961
-527
422
839
513
463
-256
967
531
437
801
-912
812
455
445
-119
-953
167
-716
-341
-710
131
947
222
-998
-644
-331
253
-966
-977
995
-288
-53
-851
488
-531
-697
275
593
435
281
214
-157
899
-130
46
-456
656
-182
-346
-336
-218
866
234
-980
508
691
763
358
926
376
843
-657
786
-907
-892
772
551
-118
-176
-921
175
368
463
-507
-488
-141
143
-420
-167
218
-814
578
883
942
651
676
205
-831
343
755
-642
-680
-865
-747
-769
394
464
-238
-582
-637
-403
-726
714
-520
-92
100
812
284
-545
-361
940
92
-537
-602
-607
-782
-290
-983
618
612
-538
