199
-702
151
-70
875
-94
25
-874
848
17
-431
-313
649
30
332
-930
564
-276
656
-498
558
-904
-499
189
-844
-516
-401
939
-389
641
-673
656
-258
-56
-840
-469
-102
880
679
217
8
-431
-916
-709
20
791
726
652
-551
104
-882
640
-553
-86
-85
-510
863
-142
-423
-290
-263
-141
-94
744
-981
295
790
-284
-492
470
-540
-250
104
395
-50
779
-454
44
-313
840
-313
700
-630
-870
-593
-165
-63
478
-626
22
-107
-102
266
-253
-607
926
332
-428
-579
-935
-937
-191
-637
382
-247
862
42
238
-47
492
-97
-5
-134
975
371
822
-518
549
82
-884
-321
882
-323
781
-671
-739
-595
727
1
513
-505
-608
226
813
350
-338
-804
-163
737
468
-395
65
736
-609
69
67
901
-485
-379
259
30
-956
604
-700
-122
50
-691
943
933
999
-870
587
139
253
292
843
-125
-312
168
536
482
492
-930
935
940
561
195
979
390
-37
187
-500
874
-68
969
639
612
-836
-15
-776
-519
-520
-548
-303
265
534
446
609
186
165
652
-758
-500
364
589
-584
872
363
-818
-424
189
523
775
119
9
-155
-748
-360
-437
-500
806
-546
963
-41
-276
-789
-319
835
842
-296
897
-122
780
-456
-669
-786
-66
957
-171
-7
446
992
19
-362
268
831
-409
211
91
374
352
724
-859
196
180
-267
887
-909
-514
794
664
31
-284
-640
767
570
454
990
-280
-251
-698
-572
730
-158
-784
-521
-99
518
-486
69
-680
-420
-558
181
995
-637
974
997
-387
-621
-867
871
-73
-565
468
485
-192
165
353
52
-396
562
264
-945
-312
393
-647
-693
-764
526
691
715
-51
98
946
979
-287
81
-891
433
53
-194
-772
-292
-196
-338
687
-827
57
575
-875
-301
954
-245
-981
606
-343
619
788
-635
837
241
100
-562
-135
-155
8
985
853
-678
-436
319
444
-951
617
242
-844
-595
296
642
914
-482
949
-521
-79
-900
829
105
-588
-791
-313
191
65
372
-224
5
295
742
728
-275
-229
-558
64
-855
74
-633
929
429
-64
922
-801
-639
-196
453
-520
575
-101
157
-975
181
-712
295
187
304
-60
-427
873
-280
-418
-665
-543
-361
102
776
183
833
-43
377
-717
25
-811
949
-173
449
776
978
585
440
-69
-648
981
385
467
-444
-325
426
-442
672
-766
-413
-970
332
745
-47
-406
-276
-679
686
563
980
768
222
474
391
577
-536
2
651
-823
963
-957
168
-96
86
-818
-965
617
723
215
-451
-167
-387
745
100
-699
141
794
-633
884
972
881
387
-899
447
-301
-620
-262
655
807
342
67
-496
254
295
430
-644
-844
-55
-791
334
878
400
826
158
-278
-801
751
-225
797
-537
306
184
