966
178
472
-48
-1000
-180
-764
-464
120
637
616
-859
-952
-823
-958
-840
741
848
668
866
-866
-338
-118
-504
502
-655
-858
-815
-312
245
170
114
-426
394
771
-643
-808
845
-135
-810
-360
728
-131
-98
891
816
-847
-410
-681
-590
945
769
872
-583
564
185
-4
946
246
-423
-157
558
46
-822
581
-832
-686
310
-71
453
-607
83
-815
-20
569
943
915
931
298
805
482
-598
866
613
184
568
-408
19
146
7
-158
482
90
-660
-752
122
390
199
430
-313
-1
-259
-537
9
-607
-774
615
-850
591
-434
-716
181
401
24
471
-931
502
871
195
953
146
-273
-32
-4
819
210
-999
-695
