698
594
510
-924
641
976
-264
-508
50
-926
-678
-563
892
-719
838
35
-69
220
947
429
394
-434
-456
-218
610
435
-77
-360
-612
298
-796
747
-567
229
-723
541
-405
88
98
-834
-718
888
-875
-23
74
-323
21
712
-327
-109
378
-155
-838
-615
348
759
254
436
-108
-172
-599
-189
27
80
-837
-684
985
832
-174
-450
-542
-547
770
221
658
233
651
74
-449
817
-628
713
-642
209
-656
-59
-393
967
-676
-93
101
781
-852
-887
29
846
-981
155
-799
-209
290
819
-239
483
-653
671
-241
-759
928
-471
439
984
-994
753
514
750
187
-97
425
-507
352
-160
-861
-694
571
495
-740
436
-472
-857
-657
129
-80
-566
473
407
-743
751
-749
161
-673
-368
602
-557
-538
115
-368
995
194
-25
-624
95
-729
847
112
-29
671
37
-186
252
-987
354
-759
-869
574
-239
-964
360
764
405
905
433
-967
-164
382
807
828
573
697
-96
-669
354
-267
511
463
-338
960
-334
459
86
-98
-111
-575
-250
-66
-48
-577
244
151
-226
-624
604
754
-822
-582
3
-772
738
863
-944
646
-801
958
419
637
-443
-637
-286
-915
754
-558
-429
713
-469
-846
-657
296
-860
-615
795
-10
598
770
-500
-968
859
711
-996
-680
422
603
731
-427
-406
170
417
-816
-522
-117
-278
558
-386
-391
295
-151
983
923
-813
720
-193
-303
700
-832
-395
-176
-306
792
104
-860
-318
506
925
-378
914
-337
903
-82
167
792
837
-490
474
-868
102
-411
315
691
-761
-853
3
346
-948
-583
-483
666
470
638
609
972
85
300
937
495
-792
380
-786
-66
263
885
-710
558
462
-708
269
375
73
-348
-494
-912
-219
659
490
-279
869
-944
753
-471
88
-82
-123
945
977
-188
695
-764
-480
160
-514
655
377
-254
-741
480
892
-816
945
184
-794
403
535
-149
-41
362
-828
-719
-100
383
-989
799
321
-501
149
-806
969
37
-259
400
343
-242
-638
850
319
500
767
685
216
632
-566
-394
570
-328
304
673
507
265
-377
189
904
399
-975
-367
-188
-663
-691
-725
804
-624
-555
1
79
332
-316
668
-916
804
-223
-56
847
-308
904
239
-977
7
996
558
493
-952
-228
8
872
770
519
657
-380
304
535
-66
-92
-739
-568
-991
-599
-630
-783
302
17
-710
-205
-924
-415
366
415
-492
-654
289
816
398
-460
-269
874
261
-44
279
656
-818
63
-677
-786
-733
549
642
463
-412
-923
275
-539
363
218
-818
-497
187
-658
-609
842
848
-116
-588
210
644
369
151
-222
-809
-787
148
-502
291
-493
788
395
-846
193
428
-41
-838
713
-180
355
-915
352
244
945
-114
663
-822
637
623
-801
-201
-587
591
320
651
-171
447
874
-681
895
-450
448
-65
112
-360
-368
-780
196
-930
-198
-232
-810
-706
590
-853
629
343
775
878
-239
149
579
-641
-880
-161
-927
-390
222
534
-640
-244
-106
-122
984
-886
-695
-608
-809
-902
761
-876
531
980
346
-901
58
-742
-223
703
-971
-580
640
-373
-539
664
-533
-889
170
-960
-428
-388
990
379
916
568
-963
-716
-548
274
-744
403
-958
-155
298
-145
-568
400
408
-939
160
242
-549
697
960
-537
-393
726
205
-873
-9
-667
392
561
575
492
-560
952
715
-318
-214
-225
750
788
665
-441
379
287
421
-384
-843
-647
21
748
478
323
508
405
127
107
646
-809
866
-676
-706
-175
-599
886
547
-859
-774
-613
491
-84
-795
985
343
-982
752
-865
430
-511
872
117
-687
29
297
-37
-120
805
-359
-494
795
-635
787
-480
520
-787
-449
-633
810
469
-894
71
641
150
-228
868
434
181
-578
396
817
-470
257
-513
-151
-82
34
-107
717
-971
243
-112
-143
-121
266
-871
-451
349
999
380
433
-370
490
774
802
759
945
-489
-274
-867
427
-655
676
-930
-879
114
922
10
-766
-911
-285
-28
783
-761
-184
162
-738
111
-599
-41
-745
7
-376
-122
858
-46
315
808
-212
-592
-994
287
-47
503
-305
-483
689
-834
-259
-784
-355
157
0
-386
316
477
94
-981
-918
221
-850
939
253
-998
-692
-783
432
-28
29
105
-40
-716
-760
278
-557
-669
232
-164
-77
-702
-416
56
-315
487
728
-411
980
-336
522
379
88
-532
346
74
865
650
857
575
650
-39
499
880
437
-549
-470
-735
994
-262
329
-400
-920
-552
-736
15
-354
430
350
367
412
954
-914
-902
108
-979
878
890
-886
958
-605
-537
-444
-233
441
-480
897
-706
-600
-393
780
381
72
861
655
609
10
-851
-229
-770
-430
459
803
393
-48
-443
484
-577
-612
689
741
344
-994
624
321
-257
454
-703
81
871
-405
378
656
-187
351
501
-186
-710
-913
-455
603
-654
832
-60
-382
-330
29
982
-653
-584
-649
-109
385
444
700
-421
419
644
-99
-31
860
100
928
303
-46
-241
672
-417
-120
157
775
-638
-321
-711
-840
-158
589
557
189
844
-551
-492
-186
760
-713
-402
-769
998
383
-83
914
642
-88
378
469
-115
38
886
625
486
-991
942
-921
-49
-778
-959
654
-433
764
350
-941
361
885
155
613
98
149
-966
-144
944
278
279
596
147
761
10
-409
223
219
125
934
296
635
-866
232
142
14
-96
519
209
-329
22
-772
-759
99
-736
269
229
204
310
-558
698
-174
-669
-900
636
-894
792
714
605
-734
738
-957
-66
824
327
449
950
-548
136
-407
716
517
444
-60
582
206
887
830
531
368
-675
380
362
-206
-934
14
-415
-618
271
725
-462
275
481
995
-858
-404
-571
117
661
632
-839
-131
-522
-380
186
358
233
226
403
540
738
644
-259
-929
-527
-313
-194
964
859
-291
-743
-662
197
-108
-525
646
496
-254
834
168
523
467
674
-333
712
639
628
545
855
471
610
-827
-544
-496
208
-107
422
-704
-689
-357
630
-1000
849
123
148
878
-565
90
-570
294
-736
312
667
22
-88
256
494
-260
-402
-449
940
218
391
-109
117
325
-906
-137
-671
-359
403
-675
618
-600
609
881
907
-905
873
-901
553
510
358
101
618
-574
-278
-404
-180
430
963
-254
893
827
-944
333
818
-797
885
329
910
976
-12
307
441
805
913
491
542
-937
-156
68
-7
-218
-943
791
-914
-843
626
-782
74
70
924
-44
459
508
530
-934
-396
-829
192
-431
-741
891
-770
681
-728
274
-379
968
681
-966
430
-603
950
-746
995
640
-486
-378
-506
-872
573
773
857
-426
409
-12
47
-917
991
-827
-205
413
-154
26
694
-570
-86
-362
714
-347
-507
-506
518
-363
716
-996
577
-768
218
-998
238
395
-662
734
201
103
108
439
355
790
-177
755
140
-44
268
229
458
993
-242
841
-607
384
794
799
782
-581
662
-195
-766
-629
695
-364
431
726
-295
-696
-257
901
-433
483
87
-569
165
-156
-606
-148
-547
528
-814
803
-37
-736
370
-350
-759
-327
910
770
605
-496
56
542
-471
-321
-651
-123
41
515
623
684
549
-71
762
-500
582
-343
248
45
686
-166
-691
485
-559
-46
-106
-863
992
639
705
876
-583
-107
724
-698
-948
-579
60
757
11
69
774
519
574
192
-372
-655
400
-936
-118
659
-777
576
-257
-253
766
-933
687
316
228
-453
-137
-903
226
885
372
915
496
-362
457
676
-978
-756
164
271
-458
619
625
-974
874
-387
-843
775
300
515
239
-513
594
863
-383
-59
747
869
295
57
405
-956
-297
218
-195
-242
-555
-124
-43
-213
-284
-215
-536
99
-63
953
-403
318
-239
902
831
200
-400
447
940
-231
663
891
419
-280
-616
-579
-646
798
-554
-665
-475
529
442
-532
429
-819
-710
-524
331
262
-245
149
-37
565
217
-1000
-288
329
598
205
-240
-569
614
-764
546
-736
588
327
-166
244
651
206
76
280
302
603
-867
189
446
-821
-409
148
-767
-294
412
-222
572
-84
252
279
198
-315
879
908
524
78
-504
-670
-341
-443
-395
570
550
-377
-467
-171
514
-534
45
538
-640
865
123
-355
-584
933
-235
-828
129
-409
-115
458
-979
183
-235
-672
-139
-178
152
-24
-69
-98
320
-700
991
-411
-565
-590
129
-980
-238
-840
-862
-381
430
-718
-771
-826
-923
-724
524
899
414
476
-802
669
-694
954
-668
-840
250
-5
363
-550
484
-474
56
430
746
-126
-831
658
543
-950
-676
-930
-476
-457
-20
303
-21
8
-169
487
803
-48
-724
-964
280
246
795
-855
820
450
734
-464
670
526
105
256
657
-173
-21
2
-71
-404
161
-279
-365
-788
-692
-14
73
796
251
-985
565
871
436
-984
-142
-913
-842
386
572
602
-815
234
-406
783
-572
-806
178
-616
894
-675
842
188
-517
97
-235
-839
-630
116
985
127
708
376
613
452
311
-328
295
271
-80
-885
-533
356
198
103
-999
-457
47
77
-73
-143
518
971
994
-427
688
-605
-219
125
619
-494
952
-572
777
-675
-855
712
-79
384
-560
199
-941
-275
66
-156
-123
-241
975
364
856
355
-714
972
693
191
402
864
481
664
509
-961
-858
857
-167
129
-771
-838
-340
178
723
-600
630
607
675
962
-757
-464
264
-789
-222
720
-101
850
721
611
-332
970
480
647
627
299
-812
423
155
433
268
-347
564
529
-461
298
-123
977
929
-168
495
-874
-647
-760
-950
809
703
-22
702
275
655
688
854
-117
-457
-427
-423
926
799
-402
871
512
939
-314
226
867
532
594
739
-836
-631
93
-599
754
892
-160
-548
-997
-435
28
420
-13
513
-778
-760
236
-102
-753
514
-994
-606
-267
920
-134
685
678
-137
92
86
75
-966
912
266
-402
722
-171
32
849
325
-540
899
-429
-988
11
284
886
-177
-680
854
-822
229
-259
-249
-926
695
-105
-738
30
925
-230
690
-701
179
-61
-150
-307
315
-255
301
-65
113
188
-987
-661
292
-865
-712
-791
-924
320
-939
555
-777
-117
-422
-709
58
-659
736
905
-300
-872
68
-539
-56
564
453
-692
-850
-11
743
88
-706
435
634
514
-816
672
-315
321
-569
-270
153
-428
-129
-18
171
-904
-588
150
670
277
-305
58
-551
524
333
594
-556
-138
-791
-623
336
823
-359
-259
584
457
-872
660
-434
-238
-721
96
-764
-769
641
-256
946
-366
-745
-69
-659
903
-773
791
-861
-981
-445
-585
-675
149
976
289
184
-569
641
-183
-73
81
714
-809
852
690
-683
538
285
-253
626
-322
-515
-470
895
363
-298
-598
-302
741
-552
-651
382
894
-8
-192
-464
647
-482
-358
-385
-665
172
264
369
237
-429
61
941
-615
-127
8
-252
79
886
461
713
-246
233
-923
626
69
-159
-348
893
296
744
-855
-721
-366
905
-953
-904
971
943
477
367
-595
121
-424
447
-64
-93
-922
281
250
-825
892
807
39
109
560
617
553
-556
260
209
818
-506
-931
533
638
606
69
887
711
-453
988
-44
-763
-101
623
-439
703
-831
-603
-917
57
-901
-257
