-541
407
-802
25
-322
-488
692
-315
-946
607
496
265
151
-692
-869
148
-522
-95
281
-766
816
791
109
762
-896
-656
-155
-793
-54
196
-190
504
299
878
-814
165
90
-213
382
602
-696
-163
425
-683
10
-342
-264
-731
77
740
666
861
928
963
316
8
280
409
-303
627
81
849
992
-632
922
105
-298
-918
132
985
980
986
905
486
-122
656
202
838
-931
-74
-44
869
-28
917
475
-403
675
-948
524
199
831
167
-895
-94
-367
715
-641
-192
90
949
53
985
912
-334
-800
8
-60
320
-505
936
-515
433
689
-798
436
231
824
-900
789
752
-618
898
115
244
414
-379
291
-999
-312
514
-837
855
-89
837
-926
183
-121
-828
-498
207
-519
217
738
-916
-399
733
515
784
-322
495
145
307
-21
939
-295
30
-122
-157
-497
-938
-629
986
137
154
917
-251
-925
-300
-925
-944
853
147
-309
-699
207
509
-13
-823
23
-131
-828
-90
-530
603
-17
327
-620
808
458
-923
614
-438
-424
-409
-951
285
353
842
154
-149
498
-892
310
877
-629
64
-382
-810
808
794
469
-104
-979
591
952
720
-787
352
-597
-589
573
985
-108
277
-438
-485
50
-586
-494
326
-116
-512
418
952
-972
634
547
445
-881
451
-886
-101
-82
-67
18
-866
801
922
-880
-189
966
-523
-632
837
-447
-95
784
449
-321
-948
-807
-375
-151
-464
-473
788
689
919
-845
680
-787
-968
827
-711
-55
-672
-855
132
-528
591
-154
-360
541
-830
-258
750
190
-158
-356
641
818
-578
916
-125
418
-449
989
-616
-604
403
-607
101
618
-938
329
-41
-16
577
601
763
765
374
-143
-682
403
136
-303
817
-887
52
-230
-565
87
310
288
274
-643
-992
228
-505
-72
256
-479
-525
262
518
-522
-36
-22
959
-54
-478
520
-46
-838
-552
-145
281
-82
370
-464
711
-496
680
-361
911
-924
-307
-337
-148
-926
-582
-480
227
-394
933
-987
590
-886
-826
265
982
-292
-834
761
-547
-194
-222
-725
623
-959
229
447
695
367
-653
351
397
659
628
286
-692
-520
-24
76
-822
-913
-45
-227
210
195
534
-420
-146
-59
510
-361
-987
419
-511
-101
-68
-660
-505
-323
-864
-485
775
749
507
345
357
111
367
624
52
-86
-78
-391
-590
960
765
885
-954
-131
250
271
213
589
556
-465
26
-410
-565
753
720
638
922
872
33
322
558
138
111
-318
-773
-633
739
-21
-374
642
-792
505
999
-710
632
116
593
-386
221
771
-625
507
-828
-312
-156
-960
155
-974
-942
690
-221
-443
323
-97
-641
702
873
-528
-600
199
-241
-33
336
-173
286
-587
56
476
-891
814
434
737
358
348
-97
-901
-770
-882
-443
302
-146
-74
-639
73
-426
855
694
-722
-364
-649
14
-601
168
495
954
-202
788
-758
232
29
773
723
332
368
-506
779
556
-507
709
642
-984
418
766
839
-674
880
865
96
984
376
-723
-56
255
626
393
821
684
-534
751
796
-323
-75
-513
-522
384
285
24
412
-261
-599
-485
-513
145
-843
-228
-676
-426
197
-255
-62
559
-431
66
688
-988
-994
-844
376
-611
-317
-984
-89
980
904
968
-912
165
-155
-545
-76
-221
690
462
505
438
291
630
383
-234
726
478
-202
869
-353
-724
-364
744
-227
-981
758
41
-27
-161
595
-594
931
-402
704
-320
681
-984
510
-518
-322
-654
807
758
922
102
-871
-963
992
628
953
-438
539
384
946
907
-981
-646
178
-534
-473
-631
480
-84
607
-396
880
-576
-17
634
259
758
-876
66
704
60
408
-13
126
32
173
-892
-198
412
-924
280
116
948
305
-628
-801
449
-555
820
532
826
-665
-205
-401
-61
415
-962
-721
936
519
919
467
591
-449
-417
162
190
-141
-181
-728
-818
107
-513
-265
-959
531
-530
502
358
216
798
236
444
-343
-639
216
-898
854
-899
-142
949
524
636
-152
-536
-615
-57
-482
-397
-537
771
222
-780
-790
-912
-306
-656
855
960
-9
-997
-78
-751
-113
852
-403
-698
620
-276
-943
-980
-542
-973
-621
-401
-695
995
224
324
-49
-63
477
398
-472
-194
-147
-607
-962
-166
-907
-338
-915
-235
-455
-242
113
401
-582
-188
368
-879
-318
113
881
-299
228
801
345
324
-860
-898
-966
599
708
-241
-835
881
832
-229
69
-108
-530
823
578
210
-393
-159
-884
212
-663
678
-924
-959
688
977
960
858
331
60
836
258
135
-999
-216
-905
889
430
135
917
-322
86
888
-412
674
-47
752
191
-217
959
902
-687
-305
591
519
820
762
-392
975
832
55
534
-704
-73
-688
-686
324
154
-274
-354
-29
-531
-753
310
-994
-643
182
-175
161
-948
153
-881
437
-667
671
-683
487
-462
341
160
-972
-544
-945
-651
-450
735
-565
-895
-950
6
548
-17
454
782
873
-446
-382
576
-114
-709
-492
248
-659
-226
-558
-558
-618
-932
-293
977
869
-978
908
291
-364
-912
-663
-92
-772
590
168
552
-779
-668
577
870
927
-173
678
584
44
540
202
411
-462
28
-905
-464
903
-568
164
-712
349
422
761
-634
-797
951
-101
24
-132
415
-473
-909
808
-438
-691
989
490
689
987
-464
-479
-876
-256
-720
-959
-972
-969
-504
-654
505
-864
-575
-241
-494
-48
376
-897
713
-522
872
-248
111
33
-880
100
607
-148
879
-685
-307
17
704
-950
-665
-654
704
-17
-870
790
385
584
388
168
-109
-305
-4
682
-966
-460
764
-266
-332
-543
211
