-11
-379
513
-332
739
80
-4
-685
870
280
132
-537
-40
-585
-989
-89
-340
-94
-831
682
114
464
-317
-957
-785
777
714
469
210
745
548
-587
-207
-600
-533
831
750
793
-716
-843
111
-831
-27
-865
-715
-437
178
-708
-103
-444
-554
128
102
-643
-559
-452
-708
-130
625
-356
680
193
346
-276
-37
368
-954
540
603
-547
722
-239
32
-789
610
-76
396
164
209
647
73
-381
372
755
-757
-249
-943
-412
608
371
-673
628
613
677
-565
-226
-82
-976
-341
321
-559
448
481
-514
-901
536
-62
692
877
582
-225
-572
899
-808
-398
-961
-47
617
-744
-351
879
621
57
-272
-627
-847
495
-235
880
86
292
542
693
603
-186
270
-542
791
-600
615
152
767
-93
-673
-258
-107
-412
31
-38
324
-94
-562
714
-431
430
877
-87
761
101
-494
-858
-6
-795
72
-334
-82
505
947
-323
-259
106
-439
773
753
-316
-466
53
-92
-707
365
850
441
-24
533
44
608
-520
567
886
592
-845
-324
-572
-989
709
-631
-447
437
992
-606
-80
-741
724
750
382
949
201
-126
287
519
240
-863
-348
481
-787
393
483
-399
904
-996
-257
-693
887
441
-329
-770
354
-393
-672
-92
-66
728
-212
-833
-517
-661
600
7
-585
-638
910
939
914
504
-233
414
-407
98
-48
-756
-901
397
-402
-853
972
343
-32
156
-592
507
220
604
-537
-709
-693
-502
42
388
254
-914
7
528
-737
770
-243
-34
-370
156
-895
-653
245
-845
317
155
-73
-141
530
868
186
-622
-62
-618
-495
457
-124
-195
-6
-455
527
-224
-39
11
-44
-838
351
33
911
-841
862
-226
641
-208
-633
-248
703
-369
33
-900
857
440
334
183
838
838
-349
-959
-18
-308
-899
770
-788
302
125
-352
109
649
398
-812
-387
-142
440
64
80
938
516
-335
-726
-584
-981
-216
338
-176
696
979
16
-92
581
66
771
810
31
650
966
152
-230
-49
-28
-532
-184
-866
63
-767
602
612
235
-499
-746
-296
-656
-324
-300
300
-314
308
-820
-87
-231
768
-170
770
248
661
472
-318
-730
707
604
24
776
-969
245
428
-402
-406
539
-909
422
960
-433
75
930
-941
-641
-380
897
-816
-544
-44
597
823
144
660
-923
-219
278
795
-30
498
88
-299
-508
420
265
199
-660
-131
196
367
-554
-772
-741
-148
911
726
-592
463
807
-924
522
231
854
133
795
-289
-221
-921
915
-389
293
-609
-188
-114
999
-252
-390
871
715
364
-281
-950
665
780
601
700
-176
-649
591
141
168
-393
421
909
-739
-113
449
329
-680
-840
327
-987
342
-866
-68
752
-877
-220
-713
45
-153
-247
-521
947
-920
-491
-508
-108
875
-331
30
-616
336
454
-556
-661
426
-477
-638
216
245
543
-1000
667
220
-783
5
131
101
745
-323
-332
-673
-890
724
-591
-761
138
920
-451
-968
-714
716
-13
273
-531
597
-519
108
-380
-231
-915
964
456
-77
-47
-769
975
-214
433
548
-258
-685
-969
-486
-550
271
563
642
-196
-90
-86
829
-721
738
-779
-661
-710
721
-145
612
-49
514
772
860
-649
-332
-744
935
930
-279
-938
954
-483
-562
-492
-962
620
-602
-155
-935
107
804
110
873
-741
57
-311
-331
168
-117
-938
193
-991
229
-694
-706
-996
9
384
-911
937
-595
584
-557
-365
-44
-378
-88
-585
616
10
767
932
-200
-249
346
568
728
-50
624
475
-72
810
-202
86
959
242
-881
230
-624
-376
984
-181
403
-882
-287
256
-11
-710
204
-264
879
-261
949
433
777
-307
-726
-201
-332
-757
586
971
88
-430
317
184
841
-283
-875
-720
-300
-726
-457
-284
977
692
-900
-79
233
-597
418
-220
162
-522
293
-77
-438
-403
-283
894
186
390
-845
-646
-779
974
-348
277
-407
-144
-870
116
-391
-8
-910
-729
-971
315
450
965
633
53
-546
849
183
-42
-895
-348
-425
977
222
-570
361
-890
570
217
-550
291
4
678
961
-827
-811
888
430
-222
266
-154
-978
-469
-170
17
-737
-397
-130
-647
871
-211
-414
-784
-238
-72
58
462
815
889
893
353
169
864
-491
610
-943
364
810
-684
-401
767
-798
-690
693
-617
684
-530
-296
589
538
-118
-397
100
665
79
-319
-506
437
912
-818
455
283
427
314
-40
510
-289
-1
-16
207
132
-659
576
583
-280
991
939
-877
151
495
458
887
471
805
67
-836
-653
-273
553
425
-337
420
-243
2
-693
581
-331
380
515
881
291
-719
258
935
654
-550
155
151
-497
-448
-81
655
141
579
947
861
902
-330
-347
646
604
-120
304
-860
-732
671
929
-76
175
709
20
188
-713
788
-179
218
-442
-552
-310
-87
622
441
95
69
534
-119
-496
-276
632
850
394
239
151
-643
395
-370
782
-654
576
488
-821
80
304
36
-247
619
289
71
-958
-580
-222
517
568
-670
575
492
-322
-561
105
729
-896
57
-554
994
-22
-580
747
-909
-683
-133
-524
-925
-547
99
-354
910
-629
157
89
612
908
497
177
728
-570
-709
962
422
-809
866
112
679
-443
49
-956
-229
52
171
-975
516
-560
104
-376
289
658
-586
692
-805
458
-110
295
693
358
253
-376
-258
-68
471
43
67
-191
-594
-641
119
-259
-514
-252
-283
-436
811
909
593
53
-904
-106
-739
-257
727
-338
295
636
759
501
-154
411
841
216
-348
-169
662
659
-379
269
-638
78
-921
992
7
-927
-665
-286
-161
-766
36
767
725
-135
-111
605
-234
481
-706
842
-381
-145
936
-329
-847
-380
4
-921
356
-441
-800
89
-292
186
-631
159
-638
-857
-33
552
-860
370
-574
218
642
803
-392
-292
557
599
961
770
-606
999
-838
824
680
262
-200
-1
-273
607
690
-345
607
-703
273
-437
-14
-298
-205
499
566
-378
-169
672
-749
-609
-711
516
396
-459
907
451
840
817
-129
-429
-453
10
912
336
534
-803
-502
-592
459
725
324
-64
-269
964
834
-716
827
839
-55
514
-534
181
599
-779
-159
-211
587
275
-991
-774
646
985
599
970
-635
-182
855
-977
422
-607
-345
109
-647
279
-807
-192
686
-538
149
-132
81
-97
-343
-252
524
-939
-699
481
240
-899
-502
-404
904
-90
-798
194
463
-46
467
239
345
-587
-137
761
164
-575
292
-276
435
-122
-399
-462
847
-531
-495
434
-401
-663
433
999
-364
-913
767
-563
-45
-58
87
648
337
-81
818
-164
47
112
934
357
-78
918
424
158
750
-363
-32
692
-430
693
348
-644
591
244
888
265
-793
-514
839
-452
-435
-787
867
255
-18
-282
411
331
-316
195
292
-675
818
-88
338
119
757
-451
-67
18
913
828
-811
-608
-915
150
-828
-965
-600
798
-719
387
980
-218
-998
-737
843
-704
970
504
-683
-749
654
-908
433
-313
470
-359
46
426
110
-848
-56
-542
183
-315
407
506
759
76
510
48
534
621
-1000
-644
456
-473
947
960
-712
-321
-586
-102
265
-198
-150
381
-65
282
670
707
816
-54
132
492
848
688
139
598
-481
-929
293
-930
844
-680
-433
-378
853
518
-118
628
233
-500
542
-591
-268
-925
460
517
778
323
643
-476
841
160
486
428
-699
-246
-329
-977
634
-813
-369
236
251
-139
344
-518
-366
-635
-185
-759
616
446
-207
57
-142
234
-358
172
-96
-569
-139
-985
-194
114
-217
-931
-578
-214
-957
300
704
10
-500
-166
789
439
-260
-347
-26
-259
36
-612
452
-163
179
548
874
-13
696
-930
-837
-343
609
-928
68
394
-15
978
112
-754
640
-708
-732
672
-585
73
674
207
700
-456
580
-633
582
-277
-565
807
880
-828
-306
17
-544
-324
-516
262
169
-62
178
547
-416
-995
361
-581
360
-699
773
920
165
-413
-272
-288
715
-410
599
33
882
407
386
-355
758
-160
-495
658
293
-315
914
-650
-487
-991
-445
568
886
877
922
685
108
-584
897
312
749
620
-510
775
-772
-48
538
-471
-39
878
643
251
-481
-853
79
939
-302
-566
-518
-576
-38
-740
275
53
940
-471
907
1
-830
-183
-303
903
962
-569
326
962
148
-523
-457
916
-497
-745
846
-875
-111
-155
238
678
-39
74
-616
69
346
-969
364
956
930
-881
-98
-526
-73
760
-831
-420
-805
-920
-654
-833
-121
418
833
215
-888
693
687
493
-44
481
-350
814
-761
-847
-467
-827
180
-102
508
485
-301
-70
182
-55
926
-61
-448
-819
-423
688
-703
805
-398
332
845
689
22
-102
-395
-68
501
-193
-462
764
-899
488
401
318
820
-166
814
-356
-873
-823
831
335
-497
658
-952
407
-734
-541
95
-423
-539
-63
-534
493
-485
-194
-984
-218
37
383
-917
-164
-348
-846
108
743
-310
41
-452
-341
-826
446
200
-686
181
687
-346
-382
109
-703
-628
-632
214
623
916
-726
-585
328
-972
-773
-740
-36
656
925
-529
331
285
63
-333
-309
384
786
893
238
-521
952
296
-255
718
-443
-523
784
-195
-56
-684
506
-83
-410
-281
987
-683
-166
-383
121
554
866
126
-612
-626
912
-118
439
316
-415
184
564
151
-559
495
-730
444
307
345
484
-897
-600
-822
463
-868
-748
-610
-626
408
710
-21
-78
-666
979
-549
-601
368
-419
811
495
-554
-580
-774
-698
833
-550
522
-949
-526
671
-613
520
-468
715
-906
122
-757
-590
515
830
242
394
-304
248
-423
-469
-528
750
-840
-572
743
432
-365
393
-149
581
219
486
121
241
979
575
562
325
-945
-453
855
-271
315
-558
-770
417
268
-761
-692
940
-110
-2
989
-655
209
-67
-360
374
-836
-585
553
446
348
38
-548
581
-4
351
550
-389
162
-119
-45
-958
-716
-465
625
195
661
837
-507
102
384
209
-192
953
-905
607
449
950
-83
585
-580
-956
-935
580
2
78
359
152
821
410
-493
-567
-699
-477
869
415
-441
366
-637
386
-806
127
-250
-722
-467
-743
-434
-115
530
-278
-661
533
-46
334
-395
543
-615
98
120
993
115
256
220
182
292
-701
822
-598
911
-772
797
930
-97
-596
-701
976
-758
-878
350
365
-479
-751
972
806
-661
-543
319
226
735
-603
-777
-449
-798
892
161
-284
670
656
-414
745
-152
914
250
203
936
-996
-727
907
665
558
-427
9
-879
757
404
13
294
-271
-268
148
869
-370
-219
930
231
353
948
-434
-136
-174
-798
577
116
958
-123
-318
-364
-420
413
-107
-664
295
-330
-348
275
-324
-111
-481
-1
190
-29
-782
407
436
-599
773
366
-749
865
-5
947
514
574
553
-948
586
796
150
-266
271
333
-605
228
-276
614
-688
979
847
128
848
-749
-941
135
-743
-987
530
485
194
981
852
-779
236
281
504
932
813
-509
186
-722
877
-393
-156
907
354
23
105
-650
-167
83
-268
307
699
-836
326
225
-913
351
768
-490
235
697
-691
-146
477
96
-766
101
-458
60
815
573
262
-164
372
-620
779
988
778
567
-436
-817
-286
-917
970
-671
5
456
-409
-794
170
-411
996
510
-967
-273
637
565
-910
-445
14
275
-664
-298
-94
216
-354
846
-693
-680
939
-121
-929
-293
-724
385
-675
436
351
209
129
626
-417
174
999
92
836
145
229
-311
-710
-610
231
-431
-264
148
872
-523
137
-294
-737
181
-527
769
338
-67
-855
-326
-822
-903
625
444
830
901
264
558
-419
-409
703
896
-460
-668
-837
500
-763
627
725
713
843
-574
-162
919
-770
-701
980
252
-810
113
28
179
-648
-200
-143
141
644
653
505
-800
-931
853
429
-99
-463
718
653
732
194
104
-129
898
-28
-283
453
-669
718
-303
123
548
-155
-882
688
-595
-254
-447
-209
195
-558
-497
7
-784
-643
-563
95
-369
568
-785
996
-456
-798
337
-273
-145
-596
-369
585
-192
736
159
-105
-925
-619
-907
-218
945
429
251
253
187
773
750
371
126
-131
-352
-795
597
-537
-191
-285
993
-454
-441
-94
-762
-606
717
-730
-433
368
429
710
-902
-298
-934
-913
-766
-856
-755
982
-921
949
34
959
-26
561
478
786
-720
412
-95
-23
451
245
-159
-181
229
-291
-21
-5
-999
-543
-940
686
-424
-710
-511
-27
587
-580
84
-449
288
287
-154
646
-772
-285
-883
-330
-993
-328
-21
229
-266
922
939
-97
-458
903
-407
818
-494
-288
423
-138
-637
-7
-828
-644
-216
-820
315
-1000
34
179
532
-990
323
-707
331
129
123
45
638
-41
901
-958
499
-522
-486
-15
-361
566
220
636
232
195
704
870
671
-661
21
204
225
80
260
95
891
756
-448
691
599
383
-393
565
276
201
621
-327
412
-763
727
-417
-615
726
-689
-360
204
-535
766
-471
911
439
51
670
609
-204
447
-264
-901
-940
-708
853
704
603
-422
642
-934
-231
-148
-802
-543
-366
-492
205
-645
707
-770
53
-822
-268
157
974
208
520
-16
-651
895
755
-967
85
-64
-789
187
-193
911
518
-686
483
-917
-364
-335
-903
-930
-650
-769
185
247
915
-887
-776
-289
-828
-392
435
-131
459
91
-113
896
-499
-145
-601
223
-178
-682
110
652
652
-46
-394
224
-73
-328
-355
175
-773
752
-554
254
505
-517
-543
891
932
329
-989
79
-128
906
-328
-619
931
-831
-691
755
-788
245
204
-196
173
404
-237
79
-255
474
261
-992
784
-76
-695
-259
-435
-389
-513
636
971
488
-856
618
-366
745
-624
944
-529
-883
970
-866
793
-874
-365
-389
-906
-403
448
-10
-894
-337
-512
-434
530
-793
351
742
241
651
-64
-164
569
-972
292
-806
261
-495
-443
503
8
-867
-358
537
885
484
437
-237
-690
124
602
-531
813
-666
464
-589
28
478
333
638
-629
-319
981
-832
-157
-54
692
64
-556
-370
938
-684
-780
618
-127
-444
616
-29
-795
112
697
-325
-612
-869
27
834
-891
-725
-579
-174
-141
-19
-471
-327
622
223
82
2
450
-845
-373
69
804
-660
491
451
368
-215
-332
-411
-405
9
116
102
179
-473
25
976
-72
251
-718
823
901
-361
286
-345
-136
-503
14
194
355
-685
-956
804
-647
913
-68
92
479
-694
-794
-432
155
-299
-316
-358
-393
704
-588
-451
-545
542
-868
-981
20
453
-35
404
372
185
-972
-232
126
-792
60
305
850
-514
573
-298
-278
775
-387
724
543
-839
576
-874
327
984
404
588
-127
247
-303
455
151
-96
-693
-687
-697
976
-328
-275
-377
-94
-996
-469
913
254
359
-644
398
690
115
56
345
-576
-375
-596
-514
769
993
116
620
-401
767
576
-82
-539
-733
-774
403
-347
-949
-845
-137
-438
767
946
525
58
667
-879
-772
464
-754
-937
-762
902
363
726
407
-834
788
714
-625
-888
-260
-404
-347
821
693
-735
-540
390
3
592
-214
-758
956
-974
-366
-417
-845
-934
-173
723
-836
25
-891
396
-23
-427
649
-941
487
-426
-606
-47
611
807
-222
-38
-887
108
222
-876
839
218
-150
448
429
-576
-816
376
179
177
-506
-847
-559
108
220
640
-138
-173
2
602
-531
961
-713
364
-161
-132
-962
363
-383
-581
826
492
830
-240
-819
-599
213
-962
62
174
530
626
-328
-854
-739
465
-887
852
-146
38
67
-143
-952
575
-81
-710
962
-569
-176
-378
-911
-168
73
532
-890
702
-632
-824
-309
-51
-982
509
804
-84
745
-492
406
-995
-20
319
294
977
-32
480
33
612
-849
-282
308
-302
697
587
-324
-314
634
-391
-481
-607
113
147
888
907
14
-186
453
566
-82
562
338
823
-856
367
412
-940
573
-476
-772
-131
733
-242
82
552
-877
-862
485
-977
-259
661
539
137
-184
980
-266
222
-18
-635
-270
-504
630
856
-957
483
386
387
889
977
-704
759
-320
65
-139
901
41
-556
-362
531
238
506
-364
-936
-939
670
-761
-666
-859
631
646
866
343
957
-407
377
-799
993
106
-440
937
-372
-61
-622
-820
-809
434
69
-402
-465
960
58
995
-910
198
585
-402
-351
-856
973
163
-188
-928
-844
396
938
38
-611
-629
121
811
589
-26
141
-41
846
145
607
444
-435
556
758
-126
522
789
519
833
-865
13
555
-207
129
394
-812
-138
-963
781
346
674
-414
857
-774
-164
-597
869
168
809
31
-399
326
405
618
84
-496
360
343
640
-318
345
961
-762
43
846
931
-373
392
-595
790
380
700
958
-708
-789
-906
-402
80
505
-997
234
501
-848
-129
-765
631
-188
-793
981
752
-710
-24
828
106
-699
-380
374
387
-942
918
156
87
-747
208
-402
-457
-830
-421
-152
902
449
-70
-254
-499
434
-733
279
-189
-476
320
562
2
563
-598
399
873
-279
283
984
-979
-359
-939
224
681
657
644
493
345
-97
129
92
-506
-719
731
806
-842
776
-588
-140
87
-116
-272
910
-815
852
-470
552
-748
-674
125
-906
-5
-971
274
-545
-210
-317
-510
266
-253
-640
-490
272
-215
823
-447
-233
-873
-424
191
-384
-388
-812
-608
626
-526
-936
-366
19
999
-185
-280
-189
325
659
-489
-154
-785
433
-717
-197
841
-276
997
-269
579
494
-476
368
708
-631
133
872
-669
270
-626
265
795
634
-616
-266
-716
-17
-461
361
-300
41
549
492
712
-93
-660
778
-228
-149
557
367
-498
332
-975
-514
451
-253
765
-936
956
470
-220
-316
510
78
-954
101
-95
706
-887
-168
-433
-694
-324
-939
584
225
89
645
631
-17
776
243
144
-73
801
-198
-171
322
-517
498
-966
201
-973
798
-809
910
-540
-54
381
-603
-539
-396
829
734
-178
-52
625
725
-306
-456
741
-953
-533
-417
226
-42
95
616
972
-256
-18
-932
132
3
668
332
72
-799
618
-67
-169
888
216
240
587
-854
731
471
6
298
933
663
298
-989
-69
251
-621
415
-555
-97
-995
799
-851
492
-430
-360
187
85
-229
-583
860
41
-777
151
2
39
-434
545
-24
43
-109
776
261
-37
755
-58
-729
-78
-877
687
233
-103
565
94
-212
-697
215
152
-909
674
434
-962
-710
-48
782
510
-412
623
-223
252
-473
215
-629
-161
520
70
-76
-333
-939
854
85
-986
662
-711
-860
346
-468
205
-785
-261
539
-296
-337
905
783
-593
768
-480
780
-872
101
-267
-618
-778
-946
-196
968
13
238
749
515
551
664
242
-407
752
750
184
38
386
-788
137
209
-585
499
-1
373
-705
190
710
-939
-308
608
-526
587
658
-425
-264
-690
34
963
138
394
-773
-777
-288
471
-291
-26
-297
891
-61
-804
510
-243
-505
366
218
698
-621
253
-237
9
-502
-909
-215
191
-302
-226
-593
260
18
193
811
-768
-270
-895
-339
-314
-149
49
-725
105
-664
153
806
-706
338
-542
-700
-97
-296
126
654
973
-625
-792
-354
729
175
-312
778
-624
876
48
-602
947
832
93
703
-375
627
436
770
786
-600
-921
249
-251
515
308
-841
-344
305
521
-842
-877
-751
191
442
-311
-631
-592
-808
287
748
-68
974
-939
-428
-865
768
-652
-416
562
-612
714
-77
755
356
-529
218
-30
474
773
-285
622
967
-51
305
-335
-181
-244
-137
575
-430
354
-44
-204
-881
136
-217
433
-303
872
230
-277
490
769
73
-949
-253
123
331
801
-251
587
-774
-904
79
-272
967
392
-983
-153
142
701
765
345
-360
504
702
-466
535
662
-380
391
-389
498
248
-624
298
105
-810
925
876
833
435
-918
804
420
877
-141
238
-540
975
583
-348
-787
225
540
-393
150
-450
-325
827
847
-100
947
-355
324
-610
-28
944
415
-29
493
-110
831
-541
-64
582
132
-450
-218
392
311
-863
-210
-843
30
-921
25
798
-54
45
240
-42
-712
-282
-284
437
-609
-719
588
509
-507
341
990
626
690
-500
-40
827
-803
463
-804
-522
1
682
-531
606
-723
725
256
-829
-59
318
409
544
750
-221
789
-220
29
-640
-627
797
-388
-211
395
688
783
633
990
8
-134
-451
202
-472
-770
146
-289
-172
570
-110
104
-189
-740
650
-326
-997
220
370
717
434
-794
147
-666
999
853
630
-485
-819
104
-755
-336
-996
-405
812
419
341
55
795
510
73
788
558
-142
636
394
-531
299
358
-43
585
-420
-352
364
-232
-803
-939
189
643
-775
-568
-162
-18
332
-815
128
-218
-312
891
340
648
-322
-217
-368
-783
349
-703
48
-468
-349
563
-122
889
-415
34
729
909
-838
-437
374
-65
-557
-478
-56
-438
-284
-332
-570
812
673
-239
-474
570
-934
261
538
629
-356
-971
-886
431
301
927
197
-701
-26
-47
-284
-400
541
577
116
913
519
-916
614
-535
949
37
683
941
737
-388
-318
161
179
404
-867
-818
-4
-124
458
-143
256
180
175
857
210
-686
-486
107
846
444
-5
326
-942
919
944
450
487
201
-562
745
-986
-206
645
-372
-278
612
709
-75
637
-596
-362
664
-121
-784
-29
-917
-482
-499
-585
-654
-232
117
271
577
-485
-382
404
-297
-323
-650
718
705
-498
789
-841
-243
73
-341
-278
782
-703
66
-782
485
176
-982
65
266
206
435
321
1
-237
-544
579
-484
864
-659
-940
780
604
-142
219
-970
-782
-225
-997
314
-965
-824
-778
477
-715
-816
796
-158
-132
-754
255
-750
807
-594
-643
412
242
-373
-659
137
559
468
253
-185
-876
-541
-655
655
-346
-785
53
-240
430
611
124
112
-750
462
-224
419
-898
172
539
360
-278
-712
488
-795
906
854
-295
604
-304
293
-604
432
-20
-815
-385
-457
596
591
-804
-151
-470
816
24
-733
-181
-716
-536
862
512
942
-459
-927
-186
-294
-505
-191
648
-388
743
-976
-234
162
603
255
-98
-500
927
11
-664
-109
511
-435
891
133
418
180
50
655
-300
-551
-256
-699
-521
-365
-875
-165
-234
734
80
-856
26
-223
-487
739
-498
488
-75
633
-485
486
-840
220
-159
246
-981
-834
-442
-354
811
433
-764
467
-883
549
656
555
425
-746
659
895
374
-286
192
-735
-454
-932
-407
-444
-276
-556
-147
-839
583
353
267
733
491
-697
477
636
-432
-379
